F
75
0.036900000
-0.207000000
-0.339000000
-0.173000000
1.900000000
0.004670000
2.920000000
-2.110000000
1.040000000
0.500000000
0.032200000
0.069300000
0.012441000
0.085500000
-0.002339900
0.095000000
0.067600000
1.565940000
0.001002000
0.044100000
0.000003883
0.019000000
0.062600000
0.003187500
1.600000000
-0.000732420
0.030588000
0.072000000
0.000989980
0.000794980
0.311000000
0.614000000
0.084100000
0.277000000
0.000184000
0.000100000
-0.617000000
-1.100000000
-1.360000000
-2.040000000
-0.574000000
-1.080000000
-1.370000000
-1.800000000
-3.210000000
-3.790000000
-2.700000000
-1.190000000
0.050000000
0.050000000
0.019948000
0.022400000
0.045000000
0.040600000
0.996000000
0.342000000
0.478000000
0.273000000
0.341000000
0.014800000
-0.006356000
0.003490000
0.004980000
0.219000000
0.320000000
0.221000000
0.190000000
2.100600000
3.172000000
0.494940000
0.048438000
-0.031992000
-0.012461000
0.999990000
0.918920000



















































