        1267
        3203
        3717
        4093
        4247
        5324
        6324
        7717
        9324
       12640
       14554
       15717
       18478
       22333
       26421
       29554
       31016
       31086
       32932
       33554
       35871
       35932
       36163
       43882
       46102
       46640
       46794
       47401
       49317
       49563
       50247
       50324
       53939
       58410
       61333
       66794
       67640
       72344
       73410
       73631
       74640
       74871
       77421
       79410
       79478
       80016
       82416
       82717
       83179
       85102
       85493
       90882
       92394
       94563
       95102
      101717
      106785
      107009
      116410
      122955
      126344
      133036
      135344
      135410
      138939
      142948
      146948
      147203
      147939
      148728
      149016
      150247
      151785
      152247
      154093
      156203
      156324
      156972
      158093
      158805
      159036
      159113
      159498
      160280
      161563
      162102
      162339
      166717
      167179
      168016
      170487
      171179
      172882
      173025
      173939
      174631
      176717
      176948
      178102
      180948
      181247
      182471
      182794
      183487
      183563
      185563
      186170
      188948
      189708
      190563
      191862
      192717
      193333
      195333
      195862
      196478
      197651
      198563
      198717
      201701
      205190
      205256
      205651
      206487
      207871
      208102
      209554
      210025
      211256
      211344
      211498
      211717
      212256
      213785
      214498
      215317
      218640
      219421
      220256
      220563
      220728
      221948
      222190
      223882
      224025
      225344
      225871
      226794
      227333
      227640
      229498
      229717
      229871
      230256
      230948
      231267
      231959
      232794
      233170
      234025
      234179
      234554
      234631
      234717
      235818
      236717
      238280
      238818
      242640
      243563
      243794
      245959
      246025
      246794
      247640
      247959
      250563
      251640
      251794
      252333
      252421
      254498
      255113
      255882
      255948
      257179
      257728
      259036
      259203
      260717
      261794
      263631
      269016
      270025
      270948
      275256
      277256
      278016
      278487
      280487
      282717
      282871
      284025
      285102
      286487
      289871
      291267
      291333
      292563
      294708
      295113
      296410
      296948
      297717
      298179
      298563
      299333
      300410
      301498
      301563
      302324
      302563
      303179
      303708
      306267
      308563
      308948
      309190
      309344
      310256
      311487
      312344
      312498
      314324
      314624
      314948
      315267
      315805
      317487
      319498
      319948
      320785
      322179
      323009
      324805
      325794
      329267
      330179
      330696
      330882
      331102
      331563
      333004
      333102
      333163
      333498
      333948
      334312
      334410
      334471
      334871
      336086
      336471
      337317
      338179
      339619
      339794
      340086
      340466
      340948
      341728
      344324
      344401
      344563
      345324
      347554
      348280
      348794
      350640
      351410
      351554
      352256
      352410
      352640
      353882
      354240
      354410
      356256
      356410
      356487
      357102
      357563
      358948
      359093
      364487
      372410
      373344
      376025
      379102
      379511
      381016
      387256
      390487
      392179
      392478
      396882
      397036
      397267
      399574
      400487
      400640
      401794
      401948
      407016
      408247
      409324
      410179
      413616
      418498
      421344
      424025
      428410
      430871
      434563
      441487
      444267
      448871
      450563
      451794
      452728
      453855
      455280
      455794
      457344
      459333
      459948
      461256
      462256
      462871
      462972
      466487
      472410
      472574
      473640
      480025
      483794
      484554
      485190
      485640
      489805
      490948
      491959
      492563
      492948
      497102
      499717
      501478
      502102
      502487
      503871
      504563
      504717
      504794
      506487
      507102
      509333
      515203
      515478
      516016
      517267
      520487
      520959
      521324
      522333
      527394
      528939
      529267
      529317
      529794
      530113
      532948
      533728
      533794
      534086
      534333
      534478
      536651
      537862
      538785
      541016
      541728
      542487
      544410
      544717
      545640
      545948
      547333
      549948
      550948
      551190
      552102
      552563
      552785
      554871
      556256
      556498
      556717
      556794
      557317
      557805
      557882
      558794
      558948
      559190
      561190
      563016
      564421
      564728
      564805
      564948
      566563
      568170
      568563
      568794
      568882
      569256
      569421
      569794
      571102
      571717
      572333
      572421
      572794
      574113
      574333
      575640
      578717
      578805
      579280
      579563
      580179
      580410
      582036
      582939
      585170
      585333
      586344
      587410
      587805
      588948
      589179
      593025
      594640
      595093
      595794
      597498
      597805
      597862
      598708
      598805
      599025
      599102
      599170
      599421
      599717
      600267
      600794
      601102
      601478
      601959
      602574
      603410
      608179
      608882
      610179
      610478
      611574
      613256
      614631
      615179
      616785
      616959
      620267
      620640
      620701
      621170
      621256
      621717
      623170
      624401
      624717
      627109
      627170
      634324
      634939
      635093
      635741
      638511
      638972
      639587
      639818
      640126
      640203
      641126
      641664
      644126
      644280
      645587
      646741
      647170
      648640
      650511
      651280
      651587
      652049
      652203
      652972
      654280
      654434
      656170
      658717
      661016
      662016
      666554
      667333
      667563
      670948
      671664
      672948
      673317
      673948
      674025
      674170
      675563
      678036
      678785
      679498
      679717
      680708
      681190
      681421
      681498
      682728
      685190
      685805
      687640
      688102
      688344
      690574
      691640
      691939
      692651
      692959
      693794
      694478
      695640
      695927
      696102
      696190
      696785
      697025
      698948
      699344
      699948
      700498
      701421
      701478
      703871
      704785
      705471
      706163
      706344
      706728
      707344
      707785
      708563
      708728
      709471
      709717
      710651
      710871
      710959
      713401
      714959
      715498
      715882
      719016
      719563
      719640
      719882
      720093
      720267
      720487
      721267
      722421
      722794
      726179
      726651
      727862
      730113
      731717
      732086
      734640
      734717
      737563
      737871
      738640
      738785
      739256
      739651
      740574
      742959
      743410
      743717
      747478
      747717
      750640
      751036
      751421
      751717
      751871
      752728
      753701
      755563
      757574
      758102
      759036
      760102
      761728
      764344
      764717
      766574
      770102
      773574
      774717
      774862
      775574
      778190
      779016
      780651
      781113
      781959
      783647
      783785
      784333
      784871
      794263
      802016
      802574
      805256
      807708
      808563
      808708
      809487
      811871
      812959
      815498
      816959
      817102
      819948
      820959
      821794
      821948
      822025
      822959
      823102
      823959
      825036
      825401
      825471
      826728
      839410
      843179
      844959
      845574
      845640
      846344
      847179
      850025
      850708
      851344
      852016
      852324
      853113
      853498
      854102
      856256
      856647
      863102
      865333
      866179
      867410
      872871
      873717
      876651
      877724
      878344
      881267
      882267
      883032
      884640
      888563
      889948
      892717
      893344
      893948
      894421
      894724
      895333
      897554
      897801
      899267
      899862
      902416
      908498
      909498
      911256
      912421
      913324
      913640
      917487
      918948
      919179
      920036
      921009
      921651
      923850
      925554
      929256
      930109
      930267
      930333
      931025
      931170
      932410
      932882
      933640
      933948
      938871
      939344
      939640
      942948
      946871
      947487
      948344
      950036
      952179
      952871
      953948
      954102
      954717
      956487
      957113
      958728
      958948
      959487
      959728
      960113
      960190
      960267
      960948
      962421
      963025
      964498
      964574
      964728
      966574
      969498
      969563
      969818
      971333
      973190
      974113
      974410
      975267
      975805
      976036
      976882
      977948
      979016
      979179
      979256
      979487
      980487
      980651
      980728
      981421
      982487
      982640
      984410
      984498
      984728
      986882
      986948
      987267
      989267
      989410
      990487
      990871
      993717
      993794
      994794
      995410
      998959
      999036
      999267
     1001574
     1001939
     1002036
     1002805
     1003036
     1003203
     1003574
     1003728
     1005036
     1005344
     1007344
     1007651
     1007728
     1008805
     1010882
     1012025
     1013410
     1018794
     1020717
     1021036
     1021939
     1025267
     1027959
     1028267
     1029267
     1029794
     1030170
     1032574
     1032728
     1033170
     1035805
     1036203
     1036554
     1038357
     1039025
     1039587
     1040102
     1040563
     1040728
     1041203
     1041498
     1041794
     1042102
     1044554
     1046728
     1047805
     1053025
     1054717
     1055564
     1055794
     1057564
     1058267
     1059871
     1062102
     1062344
     1064036
     1068410
     1068651
     1068717
     1069016
     1069421
     1069487
     1069640
     1069805
     1070801
     1071102
     1071256
     1072190
     1072401
     1073487
     1074247
     1079805
     1080651
     1081478
     1084410
     1088805
     1089036
     1093267
     1094575
     1095862
     1096190
     1096256
     1096575
     1097190
     1098805
     1101036
     1102410
     1103190
     1104113
     1104344
     1104794
     1105190
     1106651
     1107421
     1108575
     1109717
     1111805
     1114511
     1114805
     1115102
     1115498
     1117575
     1118333
     1119113
     1120959
     1121190
     1122410
     1123640
     1124025
     1126102
     1128036
     1129179
     1130871
     1133959
     1134717
     1135190
     1135410
     1135959
     1137498
     1138102
     1139794
     1141267
     1141564
     1142421
     1142564
     1143478
     1143717
     1144113
     1144256
     1144344
     1144564
     1146025
     1148882
     1150410
     1151102
     1151651
     1153025
     1153871
     1154190
     1158564
     1159410
     1161267
     1162102
     1162651
     1165564
     1167036
     1171651
     1172036
     1172631
     1174421
     1174555
     1175564
     1176267
     1176487
     1178487
     1179102
     1179631
     1180190
     1181785
     1183805
     1184640
     1184717
     1185575
     1186256
     1186862
     1189421
     1189640
     1193564
     1194267
     1195664
     1198471
     1199016
     1200805
     1202564
     1203113
     1204575
     1205651
     1205871
     1206267
     1208651
     1208882
     1209267
     1211102
     1211498
     1212324
     1212882
     1213487
     1213871
     1216959
     1217025
     1220036
     1220333
     1222805
     1225093
     1226333
     1226410
     1226651
     1226708
     1227102
     1227267
     1227487
     1227575
     1227871
     1227959
     1228344
     1228421
     1228487
     1228640
     1229882
     1230487
     1230575
     1231113
     1231421
     1232421
     1234102
     1234179
     1234717
     1235487
     1236805
     1236871
     1238871
     1239564
     1241344
     1241651
     1241805
     1243179
     1243256
     1243575
     1244948
     1245049
     1245256
     1245555
     1245805
     1245948
     1246728
     1248025
     1248102
     1248256
     1249882
     1250102
     1251267
     1251487
     1254256
     1254794
     1256959
     1257025
     1258487
     1261093
     1261882
     1262179
     1263410
     1264778
     1268256
     1269179
     1269410
     1271333
     1272555
     1274785
     1276871
     1279640
     1279785
     1280631
     1281939
     1284163
     1284717
     1285785
     1286190
     1286478
     1288025
     1289624
     1292109
     1293862
     1294267
     1295401
     1299708
     1304570
     1310939
     1311640
     1314498
     1317805
     1323575
     1340794
     1344093
     1344794
     1356344
     1359471
     1361190
     1361717
     1365651
     1380410
     1382478
     1385478
     1385555
     1386640
     1389256
     1389948
     1393410
     1395564
     1396640
     1397948
     1398333
     1398651
     1399190
     1399344
     1401882
     1402256
     1403651
     1405575
     1408421
     1408640
     1408959
     1412728
     1415256
     1415640
     1415728
     1417410
     1418564
     1419267
     1419640
     1421190
     1422333
     1422651
     1422882
     1424871
     1425036
     1425651
     1428113
     1429564
     1430016
     1430498
     1430871
     1430959
     1431651
     1431728
     1432190
     1432344
     1432575
     1432959
     1434267
     1434728
     1434882
     1435344
     1437036
     1437267
     1438805
     1439882
     1446794
     1448333
     1448410
     1450179
     1450794
     1452410
     1452564
     1453179
     1454487
     1458179
     1458267
     1461410
     1462717
     1465717
     1475631
     1478640
     1481882
     1484333
     1484478
     1487878
     1502548
     1508948
     1510102
     1510728
     1511267
     1511651
     1514179
     1523871
     1525421
     1526728
     1527564
     1527794
     1527948
     1549256
     1549555
     1554478
     1572575
     1577344
     1584651
     1591717
     1617179
     1629708
     1659785
     1663871
     1668410
     1669640
     1673036
     1673267
     1674190
     1675948
     1676728
     1679575
     1679717
     1679948
     1680179
     1681487
     1685948
     1687333
     1689179
     1689640
     1690025
     1690410
     1690555
     1690871
     1691333
     1691939
     1694179
     1694333
     1695179
     1698256
     1698882
     1699805
     1700498
     1700801
     1701871
     1702256
     1703871
     1704651
     1705498
     1706717
     1711025
     1711640
     1711717
     1712778
     1715575
     1716728
     1718093
     1718344
     1719016
     1719564
     1720487
     1721478
     1725256
     1726036
     1730478
     1734179
     1734410
     1738487
     1739564
     1741862
     1742102
     1742256
     1744267
     1746575
     1747487
     1747785
     1749640
     1751190
     1751575
     1755717
     1759333
     1761882
     1762575
     1764564
     1767025
     1767421
     1768487
     1771410
     1771948
     1774410
     1775235
     1776256
     1779102
     1781871
     1782575
     1782717
     1788190
     1790882
     1791717
     1791794
     1791871
     1792102
     1792179
     1792256
     1792564
     1792717
     1793025
     1795410
     1795564
     1795882
     1796651
     1799256
     1801344
     1803717
     1804256
     1807267
     1809344
     1809794
     1809882
     1810344
     1810410
     1812256
     1812487
     1812728
     1813267
     1815267
     1817794
     1818498
     1820410
     1821794
     1824190
     1824267
     1824717
     1825113
     1825728
     1827651
     1828113
     1828256
     1828487
     1829959
     1835794
     1836728
     1836948
     1837256
     1837717
     1839093
     1840333
     1841640
     1842487
     1843882
     1846025
     1846785
     1850190
     1850333
     1854401
     1854631
     1860564
     1860631
     1860948
     1863882
     1865170
     1868093
     1873170
     1875959
     1876948
     1879871
     1880487
     1880939
     1884333
     1887498
     1889179
     1893333
     1895498
     1897344
     1898102
     1902717
     1902805
     1902959
     1905948
     1909170
     1909487
     1909794
     1912256
     1913564
     1914794
     1917102
     1917640
     1917871
     1918717
     1921410
     1922102
     1922333
     1922871
     1923410
     1923948
     1924871
     1926333
     1927575
     1929102
     1931717
     1932794
     1932871
     1933333
     1933410
     1933948
     1934333
     1936025
     1938190
     1939410
     1939478
     1939493
     1939564
     1939717
     1939948
     1940498
     1941190
     1944564
     1944640
     1944785
     1946871
     1948267
     1948416
     1950410
     1951102
     1955179
     1955564
     1955717
     1956190
     1956333
     1958113
     1959948
     1968948
     1970640
     1972036
     1973564
     1974247
     1974564
     1975036
     1975948
     1977163
     1977717
     1981025
     1981564
     1983267
     1983487
     1983564
     1984948
     1988487
     1989487
     1990948
     1991487
     1992478
     1993564
     1994333
     1995871
     1996093
     1996728
     1999651
     2000794
     2001564
     2005025
     2005093
     2005179
     2009344
     2009882
     2012948
     2013179
     2017025
     2018487
     2020871
     2023256
     2025487
     2026728
     2027948
     2029555
     2031794
     2032102
     2032717
     2032948
     2036948
     2037102
     2037179
     2040421
     2040564
     2044179
     2044640
     2045794
     2047247
     2047640
     2047728
     2048102
     2048170
     2053102
     2053640
     2057025
     2057256
     2059575
     2059640
     2059871
     2063025
     2064487
     2064564
     2066016
     2071036
     2072025
     2072421
     2075805
     2076113
     2077344
     2080256
     2081959
     2082871
     2083102
     2085179
     2085487
     2086421
     2087794
     2087878
     2090410
     2091256
     2092959
     2093564
     2095036
     2095651
     2098179
     2099652
     2102190
     2104948
     2105025
     2107190
     2107333
     2110179
     2110794
     2111256
     2112871
     2114036
     2114728
     2116564
     2119641
     2120016
     2120256
     2121728
     2121794
     2124421
     2125641
     2127025
     2129036
     2132025
     2133564
     2133641
     2134410
     2134871
     2135256
     2137498
     2141717
     2142190
     2144113
     2144882
     2145575
     2148102
     2151882
     2152344
     2152882
     2153344
     2156025
     2157344
     2160421
     2162652
     2162794
     2163036
     2163652
     2165036
     2165575
     2165948
     2168267
     2168498
     2168575
     2168805
     2169575
     2169641
     2170948
     2172708
     2173102
     2174113
     2174333
     2174728
     2175717
     2176641
     2178093
     2178256
     2179421
     2179794
     2180794
     2181401
     2182179
     2182267
     2183113
     2184959
     2186410
     2186487
     2188717
     2188948
     2189036
     2189728
     2190113
     2191652
     2192179
     2194728
     2194871
     2195025
     2195652
     2195728
     2196959
     2197805
     2198641
     2199016
     2201256
     2201421
     2201948
     2203478
     2204632
     2206948
     2208805
     2209190
     2212256
     2214093
     2214948
     2217728
     2218256
     2219036
     2221652
     2222016
     2222794
     2225410
     2225728
     2226036
     2226575
     2227025
     2227564
     2228401
     2229333
     2231093
     2231717
     2232025
     2232652
     2234564
     2234632
     2235728
     2236036
     2236179
     2238170
     2239410
     2239794
     2240036
     2241016
     2241805
     2241948
     2243025
     2243179
     2249564
     2249805
     2254959
     2259049
     2259652
     2260179
     2261190
     2262805
     2266179
     2271324
     2271882
     2273190
     2276267
     2277794
     2279025
     2280555
     2280871
     2281708
     2285170
     2287564
     2288410
     2290478
     2290794
     2292421
     2294256
     2295948
     2296333
     2297421
     2298113
     2300025
     2301948
     2303421
     2304652
     2305575
     2305871
     2308025
     2309179
     2310641
     2311025
     2314728
     2315948
     2318575
     2319333
     2319794
     2321487
     2322564
     2323717
     2324333
     2326016
     2327256
     2328564
     2328708
     2330267
     2330421
     2333641
     2338102
     2339256
     2339410
     2340717
     2341179
     2341487
     2341641
     2341948
     2342478
     2343708
     2344728
     2344948
     2346263
     2348564
     2350421
     2350882
     2352267
     2353113
     2356179
     2357179
     2357256
     2357394
     2359641
     2360498
     2400710
     2400738
     2400753
     2400764
     2400867
     2400868
     2400870
     2400900
     2400903
     2400912
     2400928
     2400939
     2400947
     2400968
     2400991
     2400996
     2401005
     2401009
     2401030
     2401084
     2401110
     2401122
     2401140
     2401159
     2401166
     2401176
     2401226
     2401248
     2401273
     2401274
     2401304
     2401305
     2401325
     2401375
     2401380
     2401414
     2401425
     2401436
     2401444
     2401487
     2401503
     2401506
     2401514
     2401515
     2401531
     2401532
     2401557
     2401566
     2401598
     2401639
     2401646
     2401648
     2401651
     2401682
     2401736
     2401780
     2401812
     2401901
     2402123
     2402144
     2402145
     2402163
     2402193
     2402213
     2402218
     2402219
     2402239
     2402241
     2402281
     2402288
     2402300
     2402301
     2402304
     2402326
     2402399
     2402402
     2402411
     2402434
     2402449
     2402471
     2402473
     2402476
     2402489
     2402492
     2402498
     2402503
     2402537
     2402565
     2402600
     2402614
     2402620
     2402621
     2402637
     2402690
     2402761
     2402791
     2402798
     2403060
     2403061
     2403074
     2403077
     2403090
     2403130
     2403182
     2403185
     2403227
     2403405
     2403444
     2403502
     2403695
     2403726
     2403730
     2403858
     2403871
     2403899
     2403906
     2403929
     2403958
     2404145
     2404147
     2404225
     2404253
     2404274
     2404275
     2404426
     2404439
     2404605
     2404756
     2404819
     2404841
     2404843
     2404971
     2405108
     2405109
     2405135
     2405151
     2405201
     2405213
     2405232
     2405244
     2405258
     2405308
     2405314
     2405403
     2405536
     2405943
     2405952
     2405965
     2406007
     2406236
     2406517
     2406584
     2406585
     2406609
     2406610
     2406692
     2406703
     2406715
     2406720
     2406766
     2406772
     2406776
     2406778
     2406865
     2406866
     2406948
     2406957
     2407001
     2407004
     2407009
     2407018
     2407019
     2407029
     2407139
     2407227
     2407273
     2407293
     2407655
     2407657
     2407660
     2407679
     2407683
     2407692
     2407767
     2407872
     2407881
     2407885
     2407908
     2408013
     2408034
     2408041
     2408081
     2408275
     2408336
     2408453
     2408500
     2408501
     2408685
     2408835
     2408915
     2409105
     2409120
     2409126
     2409129
     2409149
     2409249
     2409292
     2409294
     2409338
     2409340
     2409401
     2409416
     2409571
     2409634
     2409646
     2409722
     2409726
     2409917
     2409960
     2409980
     2410019
     2410030
     2410086
     2410112
     2410119
     2410168
     2410253
     2410282
     2410393
     2410402
     2410419
     2410481
     2410492
     2410522
     2410523
     2410527
     2410641
     2410643
     2410794
     2410802
     2410817
     2410838
     2410881
     2410955
     2411004
     2411103
     2411204
     2411232
     2411245
     2411247
     2411366
     2411367
     2411398
     2411579
     2411855
     2411862
     2411872
     2411903
     2412071
     2412208
     2412339
     2412377
     2412386
     2412521
     2412546
     2412652
     2412694
     2412907
     2412936
     2412942
     2412979
     2412984
     2413016
     2413057
     2413058
     2413102
     2413141
     2413164
     2413313
     2413440
     2413452
     2413455
     2413562
     2413564
     2413591
     2413596
     2413622
     2413714
     2413731
     2413786
     2413804
     2413879
     2413903
     2414043
     2414053
     2414080
     2414086
     2414120
     2414220
     2414222
     2414273
     2414324
     2414351
     2414363
     2414364
     2414496
     2414537
     2414558
     2414688
     2414771
     2414778
     2414825
     2414948
     2415110
     2415123
     2415317
     2415427
     2415530
     2415655
     2415659
     2415711
     2415716
     2415720
     2415722
     2416063
     2416082
     2416090
     2416144
     2416260
     2416301
     2416402
     2416424
     2416445
     2416451
     2416671
     2416679
     2416723
     2416808
     2416933
     2417001
     2417070
     2417204
     2417268
     2417274
     2417354
     2417369
     2417376
     2417385
     2417406
     2417413
     2417527
     2417604
     2417769
     2417845
     2417906
     2417953
     2418245
     2418309
     2418352
     2418392
     2418492
     2418508
     2418578
     2418617
     2418932
     2418969
     2419041
     2419042
     2419044
     2419118
     2419131
     2419183
     2419186
     2419191
     2419206
     2419213
     2419214
