       27
       44
       47
       73
       79
       80
       87
       89
      109
      122
      123
      132
      139
      147
      150
      157
      158
      161
      167
      171
      176
      179
      182
      197
      215
      225
      229
      235
      246
      253
      254
      256
      267
      270
      277
      300
      323
      325
      326
      327
      329
      343
      364
      379
      389
      390
      394
      398
      415
      431
      432
      435
      436
      443
      461
      463
      479
      497
      505
      512
      562
      580
      581
      589
      594
      642
      643
      663
      672
      683
      690
      694
      740
      754
      760
      787
      799
      822
      825
      826
      845
      860
      871
      879
      885
      905
      910
      920
      934
      946
      948
      952
      971
      976
      996
     1006
     1018
     1020
     1025
     1031
     1046
     1067
     1074
     1075
     1097
     1100
     1101
     1103
     1106
     1108
     1119
     1135
     1136
     1139
     1143
     1163
     1170
     1181
     1182
     1183
     1184
     1185
     1195
     1204
     1222
     1283
     1284
     1286
     1312
     1323
     1343
     1362
     1377
     1385
     1398
     1403
     1414
     1415
     1417
     1431
     1435
     1455
     1462
     1497
     1498
     1519
     1525
     1558
     1561
     1567
     1578
     1588
     1599
     1629
     1656
     1666
     1679
     1682
     1686
     1720
     1721
     1722
     1723
     1726
     1727
     1730
     1732
     1734
     1735
     1737
     1738
     1740
     1741
     1744
     1745
     1746
     1747
     1749
     1750
     1753
     1755
     1756
     1759
     1761
     1762
     1769
     1770
     1776
     1777
     1778
     1779
     1781
     1783
     1785
     1786
     1787
     1788
     1789
     1790
     1791
     1792
     1793
     1796
     1799
     1800
     1801
     1807
     1810
     1813
     1818
     1821
     1825
     1839
     1871
     1872
     1877
     1882
     1890
     1892
     1904
     1907
     1913
     1914
     1922
     1929
     1933
     1936
     1940
     1972
     1973
     1981
     1985
     1992
     2025
     2033
     2036
     2041
     2042
     2043
     2051
     2055
     2064
     2087
