      -99
      -99
 .0051505
 .2215721
        0
        0
        0
 .0909213
      -99
        0
      -99
      -99
 .0719894
      -99
      -99
 .4893473
 .1701648
        0
 .1255962
      -99
        0
      -99
 .1571683
 .2554659
      -99
 .3910826
      -99
      -99
 .0709795
 .3037764
 .0127775
 .5743674
 .0106187
 .1630908
      -99
        0
      -99
        0
 .7659624
      -99
      -99
        0
        0
      -99
      -99
        0
      -99
 .0783298
 .0584954
      -99
      -99
 .1077216
        0
      -99
        0
      -99
        0
      -99
 2.266165
      -99
        0
 .4519854
      -99
 .3425387
   .88763
 .0883106
      -99
        0
      -99
 .0165293
        0
      -99
      -99
      -99
 .0038908
        0
        0
 .0762606
 .5046141
 .9279506
      -99
        0
 .0448511
  .912986
 1.205142
      -99
 .8310652
      -99
      -99
 .0245461
 .0589686
      -99
 .0006022
      -99
        0
        0
 .0011689
 .1197526
 .1032026
        0
  .021015
      -99
 .2057126
  .011643
 .1047873
      -99
 .4402645
        0
 .8376077
 .0806768
      -99
      -99
        0
      -99
        0
      -99
      -99
        0
 .1750974
      -99
        0
      -99
      -99
      -99
 .7313402
      -99
      -99
 .3263125
        0
        0
      -99
 .2678102
 .5465215
 .6493992
 .0367046
      -99
 .0402209
        0
 1.049337
 .0162705
  .003447
 .0260535
      -99
      -99
 .0057386
      -99
      -99
 .2405401
      -99
        0
      -99
        0
      -99
        0
  .064304
 .0133309
 .1360065
      -99
      -99
      -99
  .726814
        0
      -99
 .0069134
 .1204031
 .0307676
      -99
      -99
        0
        0
        0
      -99
        0
        0
 .0171752
      -99
        0
 1.173577
      -99
 .0019339
 .0105632
      -99
      -99
        0
  1.16906
        0
        0
      -99
      -99
 .0760573
        0
 .6066836
        0
        0
      -99
      -99
      -99
      -99
      -99
      -99
      -99
      -99
      -99
 .0210331
      -99
      -99
      -99
 .0131136
      -99
      -99
      -99
 .0542431
      -99
        0
      -99
      -99
 .1593492
 .0489722
      -99
      -99
      -99
      -99
 .0252955
        0
  .131923
      -99
  .003196
 .0174229
      -99
 .0174191
 .7159278
      -99
 .0782712
        0
 .0541774
 .0056252
 1.707312
      -99
      -99
      -99
      -99
 .1423944
      -99
 .8087512
      -99
        0
        0
 .0246406
      -99
 .0681534
 .0157613
      -99
      -99
 .2870118
      -99
 1.229501
 .0215108
        0
 .3899888
 .2143764
 .0503631
      -99
 .1522032
 .1934096
      -99
      -99
      -99
        0
        0
 1.009482
      -99
  .022038
        0
        0
  .096624
      -99
 .0312637
      -99
        0
        0
 .3156024
 .0077099
 .0014156
 .0052538
 .0060578
 .1311527
        0
      -99
      -99
 .1796765
      -99
        0
      -99
      -99
      -99
      -99
      -99
 .2270151
 .0018356
 .1290743
 .0449402
 .0063925
      -99
      -99
      -99
      -99
 .0550671
        0
      -99
      -99
        0
 .3496415
        0
        0
 .0297558
      -99
      -99
        0
      -99
  .047404
 .4165332
 .0203141
  .139727
      -99
      -99
      -99
      -99
 .2852394
      -99
 .0037336
      -99
      -99
      -99
 .1715917
        0
      -99
 .0583811
 .0031226
  .158837
        0
    .0102
        0
 .4011777
        0
 .0021899
        0
 .3348267
 .3298347
      -99
      -99
 .1977738
      -99
      -99
 .0100342
        0
 .7279226
      -99
      -99
      -99
        0
        0
        0
      -99
      -99
  .125137
      -99
        0
 .0025337
  .144422
      -99
        0
      -99
      -99
        0
 .0015942
 .0259141
        0
 .6876775
  1.41371
 .1965094
      -99
      -99
      -99
        0
 .1093547
 .0664768
        0
 .3428226
      -99
 .0100385
      -99
 .0403439
      -99
      -99
      -99
 .0186502
 .1480075
      -99
      -99
 .2624074
 .0101284
        0
        0
      -99
        0
        0
      -99
  .440448
      -99
        0
      -99
 .0159227
        0
 .4348116
  .286237
 .0340286
        0
      -99
 .0895148
      -99
 .0298493
 .1124536
        0
        0
 .1330937
      -99
      -99
      -99
      -99
      -99
 1.541088
      -99
      -99
      -99
      -99
 .3295489
      -99
      -99
 .0222025
 .4944659
 .2475733
      -99
 .1187236
      -99
        0
 .1470254
      -99
        0
      -99
      -99
 .9335784
 .0422158
        0
      -99
      -99
      -99
      -99
        0
      -99
 .0175599
 .5499728
        0
      -99
 .0021331
  .233252
      -99
      -99
        0
 .4679273
      -99
        0
  .001193
      -99
        0
 .0521558
        0
 .2714992
      -99
 .6466239
  .507045
 .0067654
 .0005348
 .6721892
      -99
 .0558212
 .0019314
      -99
 .0058323
        0
      -99
 .0025236
      -99
        0
      -99
      -99
 .0254532
 .0602679
      -99
      -99
 .0227086
      -99
      -99
      -99
 .1146244
      -99
      -99
      -99
      -99
      -99
 .0273793
      -99
 .8155266
 .0609532
  .087518
 .0082961
      -99
      -99
 .0549487
  .273103
 .0034001
        0
        0
 .0103814
      -99
      -99
 .0472273
      -99
        0
      -99
 .0145746
 .0501277
      -99
      -99
      -99
      -99
        0
 .0772831
      -99
      -99
 .1623395
      -99
        0
 .0478291
        0
        0
      -99
 .0139963
        0
        0
      -99
        0
      -99
 .0168533
 .0013835
 .0954589
 .0009446
      -99
      -99
 .0240778
 .0096039
      -99
 .2865555
 .1294587
      -99
 .0034625
 .1594296
 .0559824
        0
 .0815012
        0
        0
      -99
      -99
  .373411
        0
 .0003376
      -99
        0
        0
      -99
 .2310163
 .0349656
 .0279674
 .0084854
 .0072267
 .0165072
        0
        0
      -99
        0
        0
        0
      -99
 .3404895
        0
      -99
      -99
 .0083319
        0
        0
        0
      -99
      -99
      -99
        0
 .3711894
      -99
 .3358942
      -99
  .152454
      -99
 .0007529
      -99
 .1573848
      -99
 .0263546
        0
        0
      -99
 .3326319
      -99
 .3557077
      -99
      -99
        0
 .1491021
      -99
      -99
        0
 .0254464
        0
 .2808104
      -99
        0
  .023888
 .0124901
        0
      -99
 .0010575
 .0026729
      -99
        0
 .0546388
      -99
      -99
      -99
        0
 .0060136
 .2067615
      -99
        0
        0
      -99
 .0527436
 1.661983
      -99
      -99
        0
 1.293544
      -99
  .157112
      -99
 .5022836
      -99
 .0005164
 .8571029
      -99
        0
      -99
      -99
      -99
 1.754429
 .3419422
  .679497
 .0010088
      -99
      -99
        0
        0
 .0100424
        0
      -99
 .7654594
 .0068158
 .8095186
 .6375595
      -99
 .0694522
        0
      -99
 .2048353
        0
      -99
 .3896702
 .0297947
        0
      -99
 .0535992
 .5267283
        0
 .1328229
 .0139056
      -99
 .0629826
 .5318989
      -99
        0
        0
        0
        0
        0
      -99
        0
        0
        0
 .0120163
 .0384399
 .1369479
 .4032612
        0
 .5336643
 .0613058
      -99
        0
 .0138388
      -99
 .0266991
      -99
 .3663414
 .0088403
      -99
      -99
        0
        0
 1.527654
 .5663712
      -99
 .0041825
 .9908681
 .0480606
 .3571734
      -99
 .4383013
 .0607224
      -99
      -99
 .7820453
 .0005305
      -99
 .0023922
 .1560638
 .0258842
 .0521003
 .3642131
        0
      -99
      -99
        0
        0
      -99
        0
      -99
 .0004933
 .0510547
      -99
 .0079469
        0
      -99
 .0099739
        0
 .0316447
 .5667625
        0
        0
      -99
      -99
        0
      -99
        0
      -99
        0
      -99
 .0121811
  .022619
        0
      -99
 .1680827
 .2640234
 .3964145
  .004772
        0
      -99
 .9228681
 .3179421
      -99
 .0029372
      -99
 .3165784
 .3207968
      -99
 .1622039
 .0076173
   .05671
      -99
      -99
 .3725563
 .2432464
 .0293177
        0
 .1162279
        0
      -99
        0
        0
      -99
        0
 .1311457
        0
        0
        0
        0
 .4733032
 .0477558
      -99
 .0628102
 .5910442
 .0559785
 .0569534
 .0009953
        0
      -99
  .113702
 .0949731
        0
 .0012875
      -99
      -99
 .0518562
        0
      -99
 .0275219
      -99
        0
 .0357383
 .2722702
 .0723035
 .0902982
 .0045075
 .1627949
      -99
  .000858
        0
        0
        0
      -99
      -99
        0
  .001243
      -99
      -99
 .0929309
 .4275846
        0
        0
      -99
      -99
 .5693854
        0
 .0007891
 .0060233
  .478353
        0
 .1255221
        0
      -99
      -99
        0
 .3774356
      -99
 .0604653
 .0106006
 .1391008
 .0614667
        0
 .2899739
      -99
 .1031178
 .3398096
      -99
      -99
      -99
      -99
 .0124719
      -99
      -99
 .0112898
 .1334704
        0
        0
      -99
      -99
 .3025929
      -99
        0
  .691788
        0
        0
        0
      -99
  1.18768
 .1771101
        0
      -99
 .0573348
      -99
      -99
      -99
        0
      -99
  1.51843
      -99
 .1111985
        0
  .002386
        0
 .2520629
 .1454705
      -99
  .986754
        0
        0
      -99
 1.358384
      -99
 .0493477
        0
        0
  .102078
      -99
      -99
      -99
      -99
 .0986192
      -99
      -99
 .1441994
      -99
 .7746594
 .0319243
 .0164369
      -99
 .0069099
 .0081035
      -99
 .0086224
 .6710951
      -99
      -99
        0
      -99
      -99
 .1032323
        0
 .0099751
      -99
 1.148766
 .1663388
      -99
        0
 .0014567
 .3027419
        0
      -99
      -99
      -99
 .0274504
        0
        0
  .014143
  .579802
 .2932724
        0
        0
 .2330702
      -99
      -99
      -99
      -99
        0
      -99
 .0154586
 .0392606
 .1232698
 .1491134
 .0002128
      -99
      -99
      -99
      -99
 .0408464
        0
      -99
      -99
      -99
        0
 .9264324
      -99
      -99
 .0949976
 .1160304
 .0083496
      -99
      -99
 .0182592
  .349651
      -99
      -99
 .9758402
      -99
      -99
 .7103449
  .421893
        0
 .8814937
      -99
      -99
        0
      -99
        0
      -99
 .2959292
      -99
        0
      -99
 .2258741
      -99
 .0797447
        0
      -99
 .1393392
        0
        0
      -99
 .3042096
        0
 .6503173
        0
        0
        0
 1.356388
      -99
        0
      -99
      -99
      -99
      -99
 .1482845
 .3351762
      -99
      -99
        0
        0
 .7406751
      -99
      -99
      -99
 .4334854
  .742901
 1.208609
      -99
      -99
      -99
      -99
      -99
      -99
 .0986462
        0
 .1827743
      -99
 .0191618
 .0013479
  .026785
      -99
      -99
      -99
      -99
      -99
      -99
      -99
      -99
 .0008225
      -99
 .3176887
        0
 .0959185
      -99
 1.250565
 1.096126
 .1108752
      -99
 .2926542
        0
      -99
 .3466837
        0
 .1042206
 .0663379
 .0407362
      -99
      -99
      -99
      -99
 .0288819
        0
      -99
        0
      -99
 .0081594
  .885322
      -99
  .421314
      -99
      -99
  .444963
        0
      -99
      -99
        0
      -99
        0
 .0041029
      -99
 .2937206
      -99
 1.720399
      -99
      -99
      -99
      -99
 .2660136
        0
 .0057838
 .3064236
      -99
 .0162133
      -99
      -99
        0
 .0126097
      -99
 .0164919
 .5556169
      -99
 .0373816
 .0401898
      -99
 .6029093
 .8046808
      -99
      -99
 .0195591
        0
 .1986247
  .000992
 .5270849
 .1583074
      -99
      -99
      -99
      -99
      -99
        0
      -99
        0
      -99
      -99
      -99
 .0576135
 .0745154
      -99
 .3726054
 .4457074
      -99
 .4860937
      -99
      -99
      -99
        0
 .2942083
      -99
      -99
  .157031
      -99
  .031052
      -99
 .0710893
 .0096368
      -99
      -99
 .1459457
      -99
        0
 .4686686
      -99
        0
      -99
        0
 .3235124
      -99
 .6958132
      -99
 .4291034
 .0269887
 .7090184
        0
 .7989405
        0
 .0423035
      -99
      -99
      -99
 1.197458
      -99
        0
      -99
 .3003308
        0
 .9813837
        0
 .0920125
 .0625848
        0
      -99
        0
        0
 .1534362
  .171966
 .0558637
 .0537395
      -99
        0
      -99
      -99
 .0238519
        0
 .0497072
 .6942861
 .1625794
 .0295967
        0
 .1008237
      -99
 .0194293
      -99
      -99
        0
 .0485263
        0
      -99
 .0036733
      -99
        0
      -99
      -99
 .0041124
        0
      -99
 .1123757
      -99
      -99
 .0916765
      -99
      -99
      -99
      -99
        0
 .2334618
 .8313934
 .0041625
 .0833288
      -99
 .0141314
 .1878572
      -99
        0
      -99
      -99
      -99
 .0044107
        0
  .147266
      -99
 .0437252
 .0102256
 .0087694
 .0491595
 .0012126
 .0027156
 .0013191
        0
 .0059046
 .6052215
 .1773147
      -99
        0
        0
        0
 .0428365
      -99
      -99
 .0598691
 1.413748
        0
 .0062119
      -99
      -99
 .3912257
      -99
 .3298463
 .0079931
 .0721295
 .1774154
 .6478449
 .0017538
 .0041364
      -99
      -99
    .3388
      -99
      -99
 .0238384
      -99
 .8136973
  .067443
 .0111276
      -99
 .0067231
      -99
 .6305789
 .0030952
      -99
        0
 .2523706
      -99
      -99
        0
      -99
 .0120347
      -99
      -99
 .0037518
      -99
 .8936048
      -99
      -99
      -99
      -99
 .0004934
        0
 .2135037
 .1643045
 .7370301
 .3133564
        0
        0
      -99
      -99
      -99
      -99
      -99
        0
      -99
      -99
 .1312408
 1.116254
        0
        0
        0
        0
      -99
 .2240987
        0
        0
 .0135513
 .0800792
 .8365304
      -99
 1.426535
 .0067546
 .0966919
 .2587088
 .0745611
        0
      -99
 .1070767
 1.893773
 .0027135
      -99
 .1910521
 .9833712
        0
      -99
      -99
        0
        0
 .0361602
 .1132631
        0
 .0331737
      -99
 .0376908
      -99
      -99
 .4993165
      -99
      -99
 1.455103
 .0017683
  .810325
      -99
 .0999503
 .2746587
      -99
      -99
      -99
 .0099418
      -99
        0
      -99
 .1503363
      -99
      -99
        0
      -99
 .8132962
      -99
        0
      -99
  .097846
      -99
        0
 .0043829
 .1627656
      -99
 .0353284
  .113807
   .36088
 .4907314
 .9176208
      -99
 .0427162
 .2331859
 .0968752
  .052478
      -99
 .0067427
        0
 .6777756
        0
 .0128703
        0
      -99
        0
 .6638764
        0
      -99
 .0863897
      -99
 .0059407
      -99
 .0284042
        0
      -99
 .6940845
      -99
 .1312782
 .0021219
        0
 .0448794
 .0014316
 .3879637
        0
 .2751182
        0
      -99
 .0066521
        0
 .3649972
 .3798031
        0
      -99
        0
 .0009758
 1.281764
      -99
      -99
      -99
      -99
        0
 .0051481
 .5220899
 1.192907
      -99
   .00257
        0
      -99
      -99
        0
        0
        0
        0
 .0034195
      -99
        0
        0
      -99
      -99
      -99
 1.895548
      -99
 .0547776
 .2489711
      -99
        0
 .5165864
      -99
        0
      -99
 .1354444
        0
      -99
      -99
 .0625961
 .0607225
        0
      -99
 .1516692
 .0904326
        0
 .0013257
      -99
      -99
 .2468917
 .5326316
 .1904975
 1.163709
      -99
 .8247261
      -99
      -99
 .0282738
 .0146469
        0
      -99
      -99
      -99
      -99
      -99
        0
 .0082652
 .9186504
      -99
 .0253392
      -99
        0
 .1164332
      -99
 .0427019
 .0596641
 .0027953
        0
      -99
 .0358382
 .0412772
        0
        0
 .0304139
      -99
 .1315167
 .1670241
        0
        0
      -99
      -99
 .2156633
      -99
      -99
      -99
        0
      -99
        0
 .1571643
      -99
 .0156229
        0
 .0052011
        0
  .026169
      -99
 .0281654
 .3024884
 .3337263
      -99
      -99
      -99
 .1212115
      -99
 .0101048
 .2934492
 .9297045
      -99
 .0072239
        0
        0
      -99
      -99
      -99
      -99
 1.622287
      -99
  .478939
      -99
 .0100676
        0
      -99
 .0193717
      -99
 .1820355
      -99
 .0626003
        0
        0
 .0321084
      -99
      -99
 .0074918
 .5386618
 .1261272
  .060041
        0
        0
      -99
 .1074403
      -99
 .0160229
      -99
 .0007142
 .0096497
      -99
 .0597632
      -99
 .3892129
      -99
 .2867351
      -99
 .4191811
        0
  .024906
 .0501188
        0
      -99
 1.357428
        0
 .5619645
      -99
 1.339951
      -99
      -99
      -99
 .0019441
  .046877
 .0377016
        0
 .0011508
      -99
 .1401176
      -99
      -99
      -99
 .0335251
      -99
      -99
      -99
      -99
 .0331929
 .4849077
      -99
 .0894466
        0
      -99
      -99
        0
        0
 .0062304
        0
      -99
      -99
 .4232534
        0
      -99
      -99
 .0697175
 .0926523
 .0868519
        0
        0
        0
      -99
        0
 .0072773
 .0543299
      -99
      -99
  .321796
      -99
 .9108905
      -99
 .2257869
 .0032867
      -99
 .2624188
 .1772698
        0
      -99
      -99
      -99
      -99
      -99
      -99
 .1963947
      -99
      -99
      -99
      -99
      -99
      -99
      -99
 .3879774
        0
 .2655464
        0
 .0008418
      -99
 .3812368
      -99
      -99
      -99
      -99
 .1799606
 .2606595
      -99
      -99
 .6767245
      -99
      -99
      -99
      -99
      -99
 .0406447
      -99
        0
      -99
      -99
      -99
      -99
      -99
        0
      -99
 .0671969
 .0306077
        0
      -99
      -99
      -99
      -99
 .0999624
 .0574229
      -99
  .214799
        0
      -99
        0
 .3542654
        0
      -99
 .3922488
 .6767245
 .2545851
      -99
      -99
        0
        0
      -99
      -99
 .1361644
      -99
      -99
      -99
      -99
 .1059887
  .187873
 .0653524
        0
      -99
      -99
  .045935
 .0204415
 .0087726
      -99
        0
      -99
      -99
      -99
      -99
        0
      -99
        0
      -99
      -99
      -99
      -99
      -99
      -99
        0
      -99
      -99
      -99
      -99
      -99
      -99
        0
        0
      -99
      -99
      -99
      -99
      -99
      -99
      -99
      -99
      -99
      -99
        0
        0
      -99
      -99
      -99
      -99
      -99
      -99
      -99
      -99
      -99
      -99
      -99
      -99
      -99
      -99
      -99
        0
        0
      -99
      -99
      -99
        0
      -99
      -99
      -99
      -99
      -99
      -99
      -99
      -99
        0
        0
      -99
      -99
        0
        0
      -99
      -99
      -99
        0
      -99
      -99
        0
      -99
      -99
      -99
      -99
      -99
      -99
        0
      -99
      -99
      -99
      -99
      -99
      -99
      -99
      -99
      -99
      -99
      -99
      -99
      -99
      -99
      -99
      -99
      -99
      -99
      -99
      -99
      -99
      -99
      -99
      -99
      -99
        0
      -99
      -99
      -99
        0
      -99
      -99
      -99
      -99
      -99
      -99
      -99
      -99
      -99
      -99
      -99
        0
      -99
      -99
      -99
      -99
        0
      -99
      -99
        0
      -99
      -99
      -99
      -99
      -99
      -99
      -99
      -99
      -99
      -99
      -99
      -99
      -99
      -99
      -99
        0
      -99
      -99
      -99
        0
      -99
      -99
      -99
      -99
      -99
      -99
      -99
      -99
      -99
        0
      -99
      -99
      -99
        0
      -99
      -99
        0
      -99
      -99
      -99
      -99
      -99
        0
      -99
      -99
        0
      -99
      -99
      -99
      -99
      -99
      -99
      -99
        0
        0
      -99
      -99
        0
      -99
      -99
      -99
      -99
      -99
      -99
      -99
      -99
        0
      -99
      -99
      -99
        0
      -99
      -99
      -99
      -99
      -99
      -99
      -99
      -99
      -99
      -99
      -99
        0
      -99
        0
        0
      -99
      -99
      -99
      -99
        0
      -99
      -99
      -99
        0
      -99
      -99
      -99
      -99
      -99
      -99
      -99
        0
        0
      -99
      -99
      -99
      -99
      -99
        0
        0
      -99
      -99
      -99
        0
      -99
      -99
      -99
      -99
      -99
        0
      -99
        0
      -99
      -99
      -99
        0
      -99
      -99
      -99
      -99
        0
        0
      -99
      -99
      -99
      -99
        0
        0
      -99
      -99
      -99
      -99
      -99
      -99
      -99
      -99
      -99
      -99
      -99
      -99
      -99
        0
      -99
