        1       2096
        1        809
        1        764
        1        820
        1       1022
        1        970
        1         36
        1       1058
        1        852
        1       1227
        1        718
        1       1076
        1        871
        1       1057
        1       1048
        1        415
        1        400
        1       1744
        1        781
        1        518
        1        748
        1       1322
        1       1324
        1        826
        1        471
        1        526
        1        594
        1        571
        1        421
        1        789
        1       1411
        1        548
        1        858
        1        953
        1        838
        1       1574
        1       1024
        1       1643
        1         16
        1       1021
        1        272
        1        504
        1       1295
        1        155
        1        857
        1       1154
        1       1685
        1        884
        1        228
        1        513
        1        313
        1       2028
        1         55
        1        414
        1        839
        1       1080
        1        250
        1        379
        1       1676
        1        174
        1        441
        1        721
        1       1706
        1       2066
        1       1465
        1        436
        1        461
        1        410
        1       1551
        1        173
        1       1795
        1        979
        1        616
        1       1266
        1        184
        1        185
        1       1005
        1       1648
        1       1815
        1       1389
        1       1540
        1        544
        1       1980
        1       1624
        1        937
        1       1306
        1        476
        1        192
        1        601
        1       1533
        1        758
        1       1508
        1        738
        1       1659
        1       1515
        1        485
        1        368
        1        595
        1        537
        1       2075
        1        952
        1        419
        1       1050
        1        522
        1         85
        1       1297
        1        416
        1       1959
        1        828
        1       1323
        1        819
        1       1236
        1        841
        1        717
        1        788
        1        591
        1        925
        1        208
        1       1299
        1        212
        1       1311
        1       1386
        1        574
        1       1674
        1       1486
        1       1502
        1       1166
        1        408
        1       1238
        1        486
        1        374
        1       1011
        1       1791
        1       1788
        1       2046
        1        156
        1        493
        1         83
        1        845
        1       1202
        1        658
        1        963
        1       1860
        1       1023
        1       1680
        1        422
        1        540
        1       1570
        1        583
        1        995
        1        273
        1       1348
        1        630
        1       1511
        1        811
        1       1031
        1       1000
        1       1181
        1        469
        1        520
        1       1630
        1       1317
        1       1246
        1       1489
        1       1179
        1        698
        1        515
        1       1197
        1        141
        1       1553
        1        545
        1        783
        1        888
        1       1439
        1        362
        1        246
        1       1106
        1        814
        1       1414
        1       1522
        1        154
        1       1128
        1        340
        1        559
        1        302
        1       1271
        1       1718
        1       1543
        1         39
        1       1417
        1       1589
        1        816
        1        468
        1        483
        1        773
        1       1561
        1        861
        1        883
        1        862
        1       1335
        1       1670
        1       1045
        1       1843
        1        553
        1        119
        1        512
        1        500
        1        626
        1       1194
        1       1488
        1        714
        1        453
        1        360
        1        237
        1        100
        1        320
        1       1313
        1        848
        1        649
        1        639
        1        711
        1        396
        1       1009
        1       1741
        1       1384
        1        950
        1       1652
        1       1283
        1       1447
        1         26
        1        629
        1         18
        1       2034
        1       1780
        1        138
        1        905
        1        867
        1       2053
        1        248
        1        178
        1       1215
        1        972
        1       1801
        1        361
        1        292
        1       1207
        1        299
        1       1300
        1       1458
        1       1702
        1        994
        1        642
        1        268
        1        413
        1        992
        1       1544
        1        260
        1       1265
        1        907
        1        312
        1       1919
        1        922
        1       1010
        1        330
        1        264
        1        458
        1       2058
        1       1923
        1        110
        1        772
        1        307
        1       1393
        1        261
        1       1943
        1        531
        1        948
        1       1770
        1       1014
        1        169
        1        873
        1       1124
        1        938
        1        823
        1       1256
        1        166
        1       1364
        1        290
        1        406
        1        708
        1       1305
        1        107
        1       1698
        1        376
        1        218
        1       2026
        1        315
        1        385
        1        716
        1       1730
        1       1672
        1         80
        1        566
        1       1353
        1       1761
        1        980
        1       1989
        1        225
        1        893
        1       1224
        1        121
        1       1421
        1        142
        1        634
        1        647
        1        665
        1          7
        1       1230
        1       1155
        1       1406
        1       1052
        1        735
        1       1401
        1       1535
        1        521
        1        105
        1        605
        1        846
        1        554
        1       1196
        1       1285
        1        691
        1        774
        1         29
        1         96
        1        560
        1       1490
        1        287
        1         10
        1        946
        1        377
        1       1631
        1        181
        1       1331
        1        587
        1          3
        1         77
        1        187
        1       1229
        1       1481
        1       1428
        1       1613
        1        843
        1        796
        1        284
        1        465
        1       1237
        1       1174
        1        104
        1        666
        1        488
        1        787
        1       1293
        1        777
        1        479
        1       1874
        1       1524
        1        186
        1       1832
        1        688
        1       1018
        1       1456
        1       1632
        1         98
        1        475
        1        405
        1         21
        1        301
        1        705
        1       1831
        1       1091
        1       1695
        1       2070
        1         64
        1       1472
        1       1626
        1        345
        1        790
        1       1279
        1        497
        1       1671
        1          6
        1       1015
        1        949
        1       1325
        1        622
        1        967
        1       1650
        1        386
        1        337
        1         32
        1         38
        1       1448
        1       1308
        1       1105
        1        355
        1         65
        1        635
        1       1178
        1        579
        1        140
        0         99
        0         99
        0         99
        0         99
        0         99
        0         99
        0         99
        0         99
        0         99
        0         99
        0         99
        0         99
        0         99
        0         99
        0         99
        0         99
        0         99
        0         99
        0         99
        0         99
        0         99
        0         99
        0         99
        0         99
        0         99
        0         99
        0         99
        0         99
        0         99
        0         99
        0         99
        0         99
        0         99
        0         99
        0         99
        0         99
        0         99
        0         99
        0         99
        0         99
        0         99
        0         99
        0         99
        0         99
        0         99
        0         99
        0         99
        0         99
        0         99
        0         99
        0         99
        0         99
        0         99
        0         99
        0         99
        0         99
        0         99
        0         99
        0         99
        0         99
        0         99
        0         99
        0         99
        0         99
        0         99
        0         99
        0         99
        0         99
        0         99
        0         99
        0         99
        0         99
        0         99
        0         99
        0         99
        0         99
        0         99
        0         99
        0         99
        0         99
        0         99
        0         99
        0         99
        0         99
        0         99
        0         99
        0         99
        0         99
        0         99
        0         99
        0         99
        0         99
        0         99
        0         99
        0         99
        0         99
        0         99
        0         99
        0         99
        0         99
        0         99
        0         99
        0         99
        0         99
        0         99
        0         99
        0         99
        0         99
        0         99
        0         99
        0         99
        0         99
        0         99
        0         99
        0         99
        0         99
        0         99
        0         99
        0         99
        0         99
        0         99
        0         99
        0         99
        0         99
        0         99
        0         99
        0         99
        0         99
        0         99
        0         99
        0         99
        0         99
        0         99
        0         99
        0         99
        0         99
        0         99
        0         99
        0         99
        0         99
        0         99
        0         99
        0         99
        0         99
        0         99
        0         99
        0         99
        0         99
        0         99
        0         99
        0         99
        0         99
        0         99
        0         99
        0         99
        0         99
        0         99
        0         99
        0         99
        0         99
        0         99
        0         99
        0         99
        0         99
        0         99
        0         99
        0         99
        0         99
        0         99
        0         99
        0         99
        0         99
        0         99
        0         99
        0         99
        0         99
        0         99
        0         99
        0         99
        0         99
        0         99
        0         99
        0         99
        0         99
        0         99
        0         99
        0         99
        0         99
        0         99
        0         99
        0         99
        0         99
        0         99
        0         99
        0         99
        0         99
        0         99
        0         99
        0         99
        0         99
        0         99
        0         99
        0         99
        0         99
        0         99
        0         99
        0         99
        0         99
        0         99
        0         99
        0         99
        0         99
        0         99
        0         99
        0         99
        0         99
        0         99
        0         99
        0         99
        0         99
        0         99
        0         99
        0         99
        0         99
        0         99
        0         99
        0         99
        0         99
        0         99
        0         99
        0         99
        0         99
        0         99
        0         99
        0         99
        0         99
        0         99
        0         99
        0         99
        0         99
        0         99
        0         99
        0         99
        0         99
        0         99
        0         99
        0         99
        0         99
        0         99
        0         99
        0         99
        0         99
        0         99
        0         99
        0         99
        0         99
        0         99
        0         99
        0         99
        0         99
        0         99
        0         99
        0         99
        0         99
        0         99
        0         99
        0         99
        0         99
        0         99
        0         99
        0         99
        0         99
        0         99
        0         99
        0         99
        0         99
        0         99
        0         99
        0         99
        0         99
        0         99
        0         99
        0         99
        0         99
        0         99
        0         99
        0         99
        0         99
        0         99
        0         99
        0         99
        0         99
        0         99
        0         99
        0         99
        0         99
        0         99
        0         99
        0         99
        0         99
        0         99
        0         99
        0         99
        0         99
        0         99
        0         99
        0         99
        0         99
        0         99
        0         99
        0         99
        0         99
        0         99
        0         99
        0         99
        0         99
        0         99
        0         99
        0         99
        0         99
        0         99
        0         99
        0         99
        0         99
        0         99
        0         99
        0         99
        0         99
        0         99
        0         99
        0         99
        0         99
        0         99
        0         99
        0         99
        0         99
        0         99
        0         99
        0         99
        0         99
        0         99
        0         99
        0         99
        0         99
        0         99
        0         99
        0         99
        0         99
        0         99
        0         99
        0         99
        0         99
        0         99
        0         99
        0         99
        0         99
        0         99
        0         99
        0         99
        0         99
        0         99
        0         99
        0         99
        0         99
        0         99
        0         99
        0         99
        0         99
        0         99
        0         99
        0         99
        0         99
        0         99
        0         99
        0         99
        0         99
        0         99
        0         99
        0         99
        0         99
        0         99
        0         99
        0         99
        0         99
        0         99
        0         99
        0         99
        0         99
        0         99
        0         99
        0         99
        0         99
        0         99
        0         99
        0         99
        0         99
        0         99
        0         99
        0         99
        0         99
        0         99
        0         99
        0         99
        0         99
        0         99
        0         99
        0         99
        0         99
        0         99
        0         99
        0         99
        0         99
        0         99
        0         99
        0         99
        0         99
        0         99
        0         99
        0         99
        0         99
        0         99
        0         99
        0         99
        0         99
        0         99
        0         99
        0         99
        0         99
        0         99
        0         99
        0         99
        0         99
        0         99
        0         99
        0         99
        0         99
        0         99
        0         99
        0         99
        0         99
        0         99
        0         99
        0         99
        0         99
        0         99
        0         99
        0         99
        0         99
        0         99
        0         99
        0         99
        0         99
        0         99
        0         99
        0         99
        0         99
        0         99
        0         99
        0         99
        0         99
        0         99
        0         99
        0         99
        0         99
        0         99
        0         99
        0         99
        0         99
        0         99
        0         99
        0         99
        0         99
        0         99
        0         99
        0         99
        0         99
        0         99
        0         99
        0         99
        0         99
        0         99
        0         99
        0         99
        0         99
        0         99
        0         99
        0         99
        0         99
        0         99
        0         99
        0         99
        0         99
        0         99
        0         99
        0         99
        0         99
        0         99
        0         99
        0         99
        0         99
        0         99
        0         99
        0         99
        0         99
        0         99
        0         99
        0         99
        0         99
        0         99
        0         99
        0         99
        0         99
        0         99
        0         99
        0         99
        0         99
        0         99
        0         99
        0         99
        0         99
        0         99
        0         99
        0         99
        0         99
        0         99
        0         99
        0         99
        0         99
        0         99
        0         99
        0         99
        0         99
        0         99
        0         99
        0         99
        0         99
        0         99
        0         99
        0         99
        0         99
        0         99
        0         99
        0         99
        0         99
        0         99
        0         99
        0         99
        0         99
        0         99
        0         99
        0         99
        0         99
        0         99
        0         99
        0         99
        0         99
        0         99
        0         99
        0         99
        0         99
        0         99
        0         99
        0         99
        0         99
        0         99
        0         99
        0         99
        0         99
        0         99
        0         99
        0         99
        0         99
        0         99
        0         99
        0         99
        0         99
        0         99
        0         99
        0         99
        0         99
        0         99
        0         99
        0         99
        0         99
        0         99
        0         99
        0         99
        0         99
        0         99
        0         99
        0         99
        0         99
        0         99
        0         99
        0         99
        0         99
        0         99
        0         99
        0         99
        0         99
        0         99
        0         99
        0         99
        0         99
        0         99
        0         99
        0         99
        0         99
        0         99
        0         99
        0         99
        0         99
        0         99
        0         99
        0         99
        0         99
        0         99
        0         99
        0         99
        0         99
        0         99
        0         99
        0         99
        0         99
        0         99
        0         99
        0         99
        0         99
        0         99
        0         99
        0         99
        0         99
        0         99
        0         99
        0         99
        0         99
        0         99
        0         99
        0         99
        0         99
        0         99
        0         99
        0         99
        0         99
        0         99
        0         99
        0         99
        0         99
        0         99
        0         99
        0         99
        0         99
        0         99
        0         99
        0         99
        0         99
        0         99
        0         99
        0         99
        0         99
        0         99
        0         99
        0         99
        0         99
        0         99
        0         99
        0         99
        0         99
        0         99
        0         99
        0         99
        0         99
        0         99
        0         99
        0         99
        0         99
        0         99
        0         99
        0         99
        0         99
        0         99
        0         99
        0         99
        0         99
        0         99
        0         99
        0         99
        0         99
        0         99
        0         99
        0         99
        0         99
        0         99
        0         99
        0         99
        0         99
        0         99
        0         99
        0         99
        0         99
        0         99
        0         99
        0         99
        0         99
        0         99
        0         99
        0         99
        0         99
        0         99
        0         99
        0         99
        0         99
        0         99
        0         99
        0         99
        0         99
        0         99
        0         99
        0         99
        0         99
        0         99
        0         99
        0         99
        0         99
        0         99
        0         99
        0         99
        0         99
        0         99
        0         99
        0         99
        0         99
        0         99
        0         99
        0         99
        0         99
        0         99
        0         99
        0         99
        0         99
        0         99
        0         99
        0         99
        0         99
        0         99
        0         99
        0         99
        0         99
        0         99
        0         99
        0         99
        0         99
        0         99
        0         99
        0         99
        0         99
        0         99
        0         99
        0         99
        0         99
        0         99
        0         99
        0         99
        0         99
        0         99
        0         99
        0         99
        0         99
        0         99
        0         99
        0         99
        0         99
        0         99
        0         99
        0         99
        0         99
        0         99
        0         99
        0         99
        0         99
        0         99
        0         99
        0         99
        0         99
        0         99
        0         99
        0         99
        0         99
        0         99
        0         99
        0         99
        0         99
        0         99
        0         99
        0         99
        0         99
        0         99
        0         99
        0         99
        0         99
        0         99
        0         99
        0         99
        0         99
        0         99
        0         99
        0         99
        0         99
        0         99
        0         99
        0         99
        0         99
        0         99
        0         99
        0         99
        0         99
        0         99
        0         99
        0         99
        0         99
        0         99
        0         99
        0         99
        0         99
        0         99
        0         99
        0         99
        0         99
        0         99
        0         99
        0         99
        0         99
        0         99
        0         99
        0         99
        0         99
        0         99
        0         99
        0         99
        0         99
        0         99
        0         99
        0         99
        0         99
        0         99
        0         99
        0         99
        0         99
        0         99
        0         99
        0         99
        0         99
        0         99
        0         99
        0         99
        0         99
        0         99
        0         99
        0         99
        0         99
        0         99
        0         99
        0         99
        0         99
        0         99
        0         99
        0         99
        0         99
        0         99
        0         99
        0         99
        0         99
        0         99
        0         99
        0         99
        0         99
        0         99
        0         99
        0         99
        0         99
        0         99
        0         99
        0         99
        0         99
        0         99
        0         99
        0         99
        0         99
        0         99
        0         99
        0         99
        0         99
        0         99
        0         99
        0         99
        0         99
        0         99
        0         99
        0         99
        0         99
        0         99
        0         99
        0         99
        0         99
        0         99
        0         99
        0         99
        0         99
        0         99
        0         99
        0         99
        0         99
        0         99
        0         99
        0         99
        0         99
        0         99
        0         99
        0         99
        0         99
        0         99
        0         99
        0         99
        0         99
        0         99
        0         99
        0         99
        0         99
        0         99
        0         99
        0         99
        0         99
        0         99
        0         99
        0         99
        0         99
        0         99
        0         99
        0         99
        0         99
        0         99
        0         99
        0         99
        0         99
        0         99
        0         99
        0         99
        0         99
        0         99
        0         99
        0         99
        0         99
        0         99
        0         99
        0         99
        0         99
        0         99
        0         99
        0         99
        0         99
        0         99
        0         99
        0         99
        0         99
        0         99
        0         99
        0         99
        0         99
        0         99
        0         99
        0         99
        0         99
        0         99
        0         99
        0         99
        0         99
        0         99
        0         99
        0         99
        0         99
        0         99
        0         99
        0         99
        0         99
        0         99
        0         99
        0         99
        0         99
        0         99
        0         99
        0         99
        0         99
        0         99
        0         99
        0         99
        0         99
        0         99
        0         99
        0         99
        0         99
        0         99
        0         99
        0         99
        0         99
        0         99
        0         99
        0         99
        0         99
        0         99
        0         99
        0         99
        0         99
        0         99
        0         99
        0         99
        0         99
        0         99
        0         99
        0         99
        0         99
        0         99
        0         99
        0         99
        0         99
        0         99
        0         99
        0         99
        0         99
        0         99
        0         99
        0         99
        0         99
        0         99
        0         99
        0         99
        0         99
        0         99
        0         99
        0         99
        0         99
        0         99
        0         99
        0         99
        0         99
        0         99
        0         99
        0         99
        0         99
        0         99
        0         99
        0         99
        0         99
        0         99
        0         99
        0         99
        0         99
        0         99
        0         99
        0         99
        0         99
        0         99
        0         99
        0         99
        0         99
        0         99
        0         99
        0         99
        0         99
        0         99
        0         99
        0         99
        0         99
        0         99
        0         99
        0         99
        0         99
        0         99
        0         99
        0         99
        0         99
        0         99
        0         99
        0         99
        0         99
        0         99
        0         99
        0         99
        0         99
        0         99
        0         99
        0         99
        0         99
        0         99
        0         99
        0         99
        0         99
        0         99
        0         99
        0         99
        0         99
        0         99
        0         99
        0         99
        0         99
        0         99
        0         99
        0         99
        0         99
        0         99
        0         99
        0         99
        0         99
        0         99
        0         99
        0         99
        0         99
        0         99
        0         99
        0         99
        0         99
        0         99
        0         99
        0         99
        0         99
        0         99
        0         99
        0         99
        0         99
        0         99
        0         99
        0         99
        0         99
        0         99
        0         99
        0         99
        0         99
        0         99
        0         99
        0         99
        0         99
        0         99
        0         99
        0         99
        0         99
        0         99
        0         99
        0         99
        0         99
        0         99
        0         99
        0         99
        0         99
        0         99
        0         99
        0         99
        0         99
        0         99
        0         99
        0         99
        0         99
        0         99
        0         99
        0         99
        0         99
        0         99
        0         99
        0         99
        0         99
        0         99
        0         99
        0         99
        0         99
        0         99
        0         99
        0         99
        0         99
        0         99
        0         99
        0         99
        0         99
        0         99
        0         99
        0         99
        0         99
        0         99
        0         99
        0         99
        0         99
        0         99
        0         99
        0         99
        0         99
        0         99
        0         99
        0         99
        0         99
        0         99
        0         99
        0         99
        0         99
        0         99
        0         99
        0         99
        0         99
        0         99
        0         99
        0         99
        0         99
        0         99
        0         99
        0         99
        0         99
        0         99
        0         99
        0         99
        0         99
        0         99
        0         99
        0         99
        0         99
        0         99
        0         99
        0         99
        0         99
        0         99
        0         99
        0         99
        0         99
        0         99
        0         99
        0         99
        0         99
        0         99
        0         99
        0         99
        0         99
        0         99
        0         99
        0         99
        0         99
        0         99
        0         99
        0         99
        0         99
        0         99
        0         99
        0         99
        0         99
        0         99
        0         99
        0         99
        0         99
        0         99
        0         99
        0         99
        0         99
        0         99
        0         99
        0         99
        0         99
        0         99
        0         99
        0         99
        0         99
        0         99
        0         99
        0         99
        0         99
        0         99
        0         99
        0         99
        0         99
        0         99
        0         99
        0         99
        0         99
        0         99
        0         99
        0         99
        0         99
        0         99
        0         99
        0         99
        0         99
        0         99
        0         99
        0         99
        0         99
        0         99
        0         99
        0         99
        0         99
        0         99
        0         99
        0         99
        0         99
        0         99
        0         99
        0         99
        0         99
        0         99
        0         99
        0         99
        0         99
        0         99
        0         99
        0         99
        0         99
        0         99
        0         99
        0         99
        0         99
        0         99
        0         99
        0         99
        0         99
        0         99
        0         99
        0         99
        0         99
        0         99
        0         99
        0         99
        0         99
        0         99
        0         99
        0         99
        0         99
        0         99
        0         99
        0         99
        0         99
        0         99
        0         99
        0         99
        0         99
        0         99
        0         99
        0         99
        0         99
        0         99
        0         99
        0         99
        0         99
        0         99
        0         99
        0         99
        0         99
        0         99
        0         99
        0         99
        0         99
        0         99
        0         99
        0         99
        0         99
        0         99
        0         99
        0         99
        0         99
        0         99
        0         99
        0         99
        0         99
        0         99
        0         99
        0         99
        0         99
        0         99
        0         99
        0         99
        0         99
        0         99
        0         99
        0         99
        0         99
        0         99
        0         99
        0         99
        0         99
        0         99
        0         99
        0         99
        0         99
        0         99
        0         99
        0         99
        0         99
        0         99
        0         99
        0         99
        0         99
        0         99
        0         99
        0         99
        0         99
        0         99
        0         99
        0         99
        0         99
        0         99
        0         99
        0         99
        0         99
        0         99
        0         99
        0         99
        0         99
        0         99
        0         99
        0         99
        0         99
        0         99
        0         99
        0         99
        0         99
        0         99
        0         99
        0         99
        0         99
        0         99
        0         99
        0         99
        0         99
        0         99
        0         99
        0         99
        0         99
        0         99
        0         99
        0         99
        0         99
        0         99
        0         99
        0         99
        0         99
        0         99
        0         99
        0         99
        0         99
        0         99
        0         99
        0         99
        0         99
        0         99
        0         99
        0         99
        0         99
        0         99
        0         99
        0         99
        0         99
        0         99
        0         99
        0         99
        0         99
        0         99
        0         99
        0         99
        0         99
        0         99
        0         99
        0         99
        0         99
        0         99
        0         99
        0         99
        0         99
        0         99
        0         99
        0         99
        0         99
        0         99
        0         99
        0         99
        0         99
        0         99
        0         99
        0         99
        0         99
        0         99
        0         99
        0         99
        0         99
        0         99
        0         99
        0         99
        0         99
        0         99
        0         99
        0         99
        0         99
        0         99
        0         99
        0         99
        0         99
        0         99
        0         99
        0         99
        0         99
        0         99
        0         99
        0         99
        0         99
        0         99
        0         99
        0         99
        0         99
        0         99
        0         99
        0         99
        0         99
        0         99
        0         99
        0         99
        0         99
        0         99
        0         99
        0         99
        0         99
        0         99
        0         99
        0         99
        0         99
        0         99
        0         99
        0         99
        0         99
        0         99
        0         99
        0         99
        0         99
        0         99
        0         99
        0         99
        0         99
        0         99
        0         99
        0         99
        0         99
        0         99
        0         99
        0         99
        0         99
        0         99
        0         99
        0         99
        0         99
        0         99
        0         99
        0         99
        0         99
        0         99
        0         99
        0         99
        0         99
        0         99
        0         99
        0         99
        0         99
        0         99
        0         99
        0         99
        0         99
        0         99
        0         99
        0         99
        0         99
        0         99
        0         99
        0         99
        0         99
        0         99
        0         99
        0         99
        0         99
        0         99
        0         99
        0         99
        0         99
        0         99
        0         99
        0         99
        0         99
        0         99
        0         99
        0         99
        0         99
        0         99
        0         99
        0         99
        0         99
        0         99
        0         99
        0         99
        0         99
        0         99
        0         99
        0         99
        0         99
        0         99
        0         99
        0         99
        0         99
        0         99
        0         99
        0         99
        0         99
        0         99
        0         99
        0         99
        0         99
        0         99
        0         99
        0         99
        0         99
        0         99
        0         99
        0         99
        0         99
        0         99
        0         99
        0         99
        0         99
        0         99
        0         99
        0         99
        0         99
        0         99
        0         99
        0         99
        0         99
        0         99
        0         99
        0         99
        0         99
        0         99
        0         99
        0         99
        0         99
        0         99
        0         99
        0         99
        0         99
        0         99
        0         99
        0         99
        0         99
        0         99
        0         99
        0         99
        0         99
        0         99
        0         99
        0         99
        0         99
        0         99
        0         99
        0         99
        0         99
        0         99
        0         99
        0         99
        0         99
        0         99
        0         99
        0         99
        0         99
        0         99
        0         99
        0         99
        0         99
        0         99
        0         99
        0         99
        0         99
        0         99
        0         99
        0         99
        0         99
        0         99
        0         99
        0         99
        0         99
        0         99
        0         99
        0         99
