        1       1375
        1       1250
        1         68
        1        341
        1        445
        1        343
        1       1782
        1        286
        1       1563
        1       2038
        1         99
        1       1321
        1       1210
        1        747
        1         48
        1       1328
        1        231
        1        254
        1        887
        1       1077
        1        323
        1       1374
        1       1658
        1       1081
        1       1492
        1       1783
        1       1817
        1        348
        1        193
        1       1560
        1        853
        1        679
        1        935
        1       1478
        1        344
        1          5
        1        931
        1        971
        1         17
        1         57
        1       1464
        1       1477
        1       1792
        1       1379
        1       1400
        1       1514
        1       1739
        1        936
        1        275
        1       1641
        1        298
        1        510
        1        388
        1       1471
        1       1565
        1         87
        1       1208
        1        643
        1       1527
        1        137
        1       1467
        1        547
        1        175
        1         75
        1        927
        1        743
        1       1487
        1        397
        1        610
        1        877
        1       1437
        1        729
        1       1777
        1         97
        1       1339
        1       1390
        1       1592
        1       1585
        1       1260
        1       1716
        1         23
        1       1116
        1       1426
        1       1539
        1        707
        1        227
        1        390
        1        869
        1        636
        1       1040
        1       1546
        1       1418
        1       1228
        1       1203
        1       1226
        1        242
        1       1291
        1        134
        1       1363
        1       1463
        1       1234
        1        556
        1       1222
        1       1320
        1         91
        1        551
        1        640
        1       1251
        1        802
        1       1161
        1       1566
        1       1408
        1       1163
        1         19
        1       1433
        1        722
        1        769
        1        480
        1       1391
        1       1362
        1        739
        1        978
        1       1559
        1       1597
        1        113
        1       1346
        1         66
        1        342
        1       1500
        1       1216
        1         59
        1        423
        1        896
        1       1662
        1        822
        1        885
        1       1333
        1        462
        1       1188
        1        825
        1       1594
        1       1740
        1        692
        1       1189
        1        832
        1       1157
        1        933
        1        565
        1       1407
        1       1192
        1        328
        1       1093
        1       1158
        1        334
        1         43
        1       1723
        1        351
        1       1709
        1        784
        1       1704
        1       1294
        1        130
        1        128
        1       1061
        1       1358
        1        477
        1          8
        1        103
        1        424
        1       1141
        1       1247
        1        162
        1        233
        1       1249
        1       1512
        1       1749
        1        402
        1        569
        1        911
        1       1548
        1       1623
        1       1184
        1       1095
        1       1568
        1        263
        1       1602
        1       1721
        1       1082
        1       1078
        1       1633
        1       1399
        1        991
        1        322
        1        830
        1       1666
        1       1241
        1       1149
        1       1454
        1        695
        1        431
        1        139
        1       1405
        1         31
        1       1940
        1        625
        1       1963
        1       1396
        1       1638
        1        321
        1       1786
        1       1165
        1       1802
        1        244
        1       1303
        1        496
        1       1476
        1       1257
        1        150
        1       1480
        1       1610
        1        704
        1       1046
        1        673
        1       1205
        1         30
        1        655
        1        356
        1        133
        1       1640
        1       1875
        1        803
        1       1248
        1       1164
        1        632
        1        384
        1       1800
        1       1806
        1        833
        1       1067
        1         46
        1        923
        1        281
        1         79
        1        681
        1       1808
        1        736
        1        882
        1        744
        1       1459
        1        689
        1        914
        1        214
        1        118
        1        740
        1        984
        1        864
        1        347
        1       1660
        1        247
        1        443
        1       1388
        1       1545
        1       1319
        1       1442
        1        648
        1        170
        1       1654
        1       1628
        1       1810
        1         95
        1       1453
        1       1280
        1       1722
        1       1361
        1        204
        1       1504
        1        570
        1        282
        1       1114
        1       1340
        1       1750
        1       1753
        1       1118
        1         33
        1        926
        1        906
        1       1612
        1       1133
        1       1686
        1        767
        1        157
        1       1977
        1       1807
        1        339
        1        799
        1        849
        1       1636
        1       1027
        1        930
        1        874
        1        460
        1       1693
        1       1385
        1       2029
        1       1521
        1        279
        1        269
        1       1377
        1        514
        1       1218
        1        259
        1        910
        1        955
        1        335
        1       1538
        1        798
        1       1581
        1       1663
        1         71
        1       1360
        1        899
        1        771
        1        606
        1        713
        1       1519
        1        654
        1       1217
        1         76
        1        672
        1       1044
        1        440
        1         62
        1       1865
        1       1595
        1        989
        1       1131
        1        491
        1        354
        1        715
        1       1289
        1       1162
        1        785
        1        614
        1        700
        1       1787
        1       2054
        1       1609
        1        753
        1        902
        1       1719
        1        709
        1        177
        1       1575
        1        234
        1        365
        1        256
        1        793
        1       1645
        1       1035
        1       1525
        1        135
        1       1619
        1        794
        1       1343
        1        863
        1       1600
        1       1742
        1       1359
        1        392
        1       1381
        1       1505
        1         70
        1       1460
        1       1430
        1        678
        1        741
        1        801
        1         49
        1       1469
        1        827
        1       1494
        1       2064
        1        108
        1        675
        1        148
        1       1102
        1        236
        1       1068
        1        791
        1       1312
        1         24
        1        751
        1       1759
        1         82
        1       1213
        1       1703
        1        680
        1        608
        1        145
        1         52
        1       1779
        1        754
        1       1376
        1        576
        1        878
        1       1152
        1        543
        1       1121
        1       1245
        1        668
        1       1140
        1        710
        1        446
        1        230
        1        375
        1        719
        1        981
        1       1499
        1        617
        1       2001
        1       1063
        1        976
        1        581
        1        464
        1        807
        1       1392
        1        844
        1       1395
        1        132
        1        101
        1        528
        1       1452
        1        897
        1        956
        1        912
        1       1108
        1       1474
        1       1738
        1       1130
        1       1705
        1        555
        1        943
        1        763
        1        734
        1        530
        1         13
        1       1445
        1        651
        1       1382
        1       1351
        1       1530
        1        725
        1        993
        1        733
        1        481
        1        766
        1        870
        1        257
        1       1573
        1       1276
        1        280
        1       1290
        1        536
        1        258
        1        694
        1        752
        1        223
        1        567
        1       1776
        1       1606
        1        412
        1        369
        1        115
        1        161
        1       1501
        1       1142
        1        701
        1        338
        1       1534
        1       1591
        1        918
        1         53
        1       1443
        1       1639
        1       1419
        1       1656
        1       1101
        1        190
        1       1510
        1       1119
        1       1451
        1       1621
        1        674
        1        727
        1       1710
        1       1422
        1        380
        1       1277
        1       1664
        1        599
        1         34
        1        898
        1       1239
        1        929
        1        962
        1        451
        1        125
        1       1409
        1        387
        1       1482
        1       1212
        1       1637
        1        663
        1       2010
        1        235
        1         42
        1       1537
        0         99
        0         99
        0         99
        0         99
        0         99
        0         99
        0         99
        0         99
        0         99
        0         99
        0         99
        0         99
        0         99
        0         99
        0         99
        0         99
        0         99
        0         99
        0         99
        0         99
        0         99
        0         99
        0         99
        0         99
        0         99
        0         99
        0         99
        0         99
        0         99
        0         99
        0         99
        0         99
        0         99
        0         99
        0         99
        0         99
        0         99
        0         99
        0         99
        0         99
        0         99
        0         99
        0         99
        0         99
        0         99
        0         99
        0         99
        0         99
        0         99
        0         99
        0         99
        0         99
        0         99
        0         99
        0         99
        0         99
        0         99
        0         99
        0         99
        0         99
        0         99
        0         99
        0         99
        0         99
        0         99
        0         99
        0         99
        0         99
        0         99
        0         99
        0         99
        0         99
        0         99
        0         99
        0         99
        0         99
        0         99
        0         99
        0         99
        0         99
        0         99
        0         99
        0         99
        0         99
        0         99
        0         99
        0         99
        0         99
        0         99
        0         99
        0         99
        0         99
        0         99
        0         99
        0         99
        0         99
        0         99
        0         99
        0         99
        0         99
        0         99
        0         99
        0         99
        0         99
        0         99
        0         99
        0         99
        0         99
        0         99
        0         99
        0         99
        0         99
        0         99
        0         99
        0         99
        0         99
        0         99
        0         99
        0         99
        0         99
        0         99
        0         99
        0         99
        0         99
        0         99
        0         99
        0         99
        0         99
        0         99
        0         99
        0         99
        0         99
        0         99
        0         99
        0         99
        0         99
        0         99
        0         99
        0         99
        0         99
        0         99
        0         99
        0         99
        0         99
        0         99
        0         99
        0         99
        0         99
        0         99
        0         99
        0         99
        0         99
        0         99
        0         99
        0         99
        0         99
        0         99
        0         99
        0         99
        0         99
        0         99
        0         99
        0         99
        0         99
        0         99
        0         99
        0         99
        0         99
        0         99
        0         99
        0         99
        0         99
        0         99
        0         99
        0         99
        0         99
        0         99
        0         99
        0         99
        0         99
        0         99
        0         99
        0         99
        0         99
        0         99
        0         99
        0         99
        0         99
        0         99
        0         99
        0         99
        0         99
        0         99
        0         99
        0         99
        0         99
        0         99
        0         99
        0         99
        0         99
        0         99
        0         99
        0         99
        0         99
        0         99
        0         99
        0         99
        0         99
        0         99
        0         99
        0         99
        0         99
        0         99
        0         99
        0         99
        0         99
        0         99
        0         99
        0         99
        0         99
        0         99
        0         99
        0         99
        0         99
        0         99
        0         99
        0         99
        0         99
        0         99
        0         99
        0         99
        0         99
        0         99
        0         99
        0         99
        0         99
        0         99
        0         99
        0         99
        0         99
        0         99
        0         99
        0         99
        0         99
        0         99
        0         99
        0         99
        0         99
        0         99
        0         99
        0         99
        0         99
        0         99
        0         99
        0         99
        0         99
        0         99
        0         99
        0         99
        0         99
        0         99
        0         99
        0         99
        0         99
        0         99
        0         99
        0         99
        0         99
        0         99
        0         99
        0         99
        0         99
        0         99
        0         99
        0         99
        0         99
        0         99
        0         99
        0         99
        0         99
        0         99
        0         99
        0         99
        0         99
        0         99
        0         99
        0         99
        0         99
        0         99
        0         99
        0         99
        0         99
        0         99
        0         99
        0         99
        0         99
        0         99
        0         99
        0         99
        0         99
        0         99
        0         99
        0         99
        0         99
        0         99
        0         99
        0         99
        0         99
        0         99
        0         99
        0         99
        0         99
        0         99
        0         99
        0         99
        0         99
        0         99
        0         99
        0         99
        0         99
        0         99
        0         99
        0         99
        0         99
        0         99
        0         99
        0         99
        0         99
        0         99
        0         99
        0         99
        0         99
        0         99
        0         99
        0         99
        0         99
        0         99
        0         99
        0         99
        0         99
        0         99
        0         99
        0         99
        0         99
        0         99
        0         99
        0         99
        0         99
        0         99
        0         99
        0         99
        0         99
        0         99
        0         99
        0         99
        0         99
        0         99
        0         99
        0         99
        0         99
        0         99
        0         99
        0         99
        0         99
        0         99
        0         99
        0         99
        0         99
        0         99
        0         99
        0         99
        0         99
        0         99
        0         99
        0         99
        0         99
        0         99
        0         99
        0         99
        0         99
        0         99
        0         99
        0         99
        0         99
        0         99
        0         99
        0         99
        0         99
        0         99
        0         99
        0         99
        0         99
        0         99
        0         99
        0         99
        0         99
        0         99
        0         99
        0         99
        0         99
        0         99
        0         99
        0         99
        0         99
        0         99
        0         99
        0         99
        0         99
        0         99
        0         99
        0         99
        0         99
        0         99
        0         99
        0         99
        0         99
        0         99
        0         99
        0         99
        0         99
        0         99
        0         99
        0         99
        0         99
        0         99
        0         99
        0         99
        0         99
        0         99
        0         99
        0         99
        0         99
        0         99
        0         99
        0         99
        0         99
        0         99
        0         99
        0         99
        0         99
        0         99
        0         99
        0         99
        0         99
        0         99
        0         99
        0         99
        0         99
        0         99
        0         99
        0         99
        0         99
        0         99
        0         99
        0         99
        0         99
        0         99
        0         99
        0         99
        0         99
        0         99
        0         99
        0         99
        0         99
        0         99
        0         99
        0         99
        0         99
        0         99
        0         99
        0         99
        0         99
        0         99
        0         99
        0         99
        0         99
        0         99
        0         99
        0         99
        0         99
        0         99
        0         99
        0         99
        0         99
        0         99
        0         99
        0         99
        0         99
        0         99
        0         99
        0         99
        0         99
        0         99
        0         99
        0         99
        0         99
        0         99
        0         99
        0         99
        0         99
        0         99
        0         99
        0         99
        0         99
        0         99
        0         99
        0         99
        0         99
        0         99
        0         99
        0         99
        0         99
        0         99
        0         99
        0         99
        0         99
        0         99
        0         99
        0         99
        0         99
        0         99
        0         99
        0         99
        0         99
        0         99
        0         99
        0         99
        0         99
        0         99
        0         99
        0         99
        0         99
        0         99
        0         99
        0         99
        0         99
        0         99
        0         99
        0         99
        0         99
        0         99
        0         99
        0         99
        0         99
        0         99
        0         99
        0         99
        0         99
        0         99
        0         99
        0         99
        0         99
        0         99
        0         99
        0         99
        0         99
        0         99
        0         99
        0         99
        0         99
        0         99
        0         99
        0         99
        0         99
        0         99
        0         99
        0         99
        0         99
        0         99
        0         99
        0         99
        0         99
        0         99
        0         99
        0         99
        0         99
        0         99
        0         99
        0         99
        0         99
        0         99
        0         99
        0         99
        0         99
        0         99
        0         99
        0         99
        0         99
        0         99
        0         99
        0         99
        0         99
        0         99
        0         99
        0         99
        0         99
        0         99
        0         99
        0         99
        0         99
        0         99
        0         99
        0         99
        0         99
        0         99
        0         99
        0         99
        0         99
        0         99
        0         99
        0         99
        0         99
        0         99
        0         99
        0         99
        0         99
        0         99
        0         99
        0         99
        0         99
        0         99
        0         99
        0         99
        0         99
        0         99
        0         99
        0         99
        0         99
        0         99
        0         99
        0         99
        0         99
        0         99
        0         99
        0         99
        0         99
        0         99
        0         99
        0         99
        0         99
        0         99
        0         99
        0         99
        0         99
        0         99
        0         99
        0         99
        0         99
        0         99
        0         99
        0         99
        0         99
        0         99
        0         99
        0         99
        0         99
        0         99
        0         99
        0         99
        0         99
        0         99
        0         99
        0         99
        0         99
        0         99
        0         99
        0         99
        0         99
        0         99
        0         99
        0         99
        0         99
        0         99
        0         99
        0         99
        0         99
        0         99
        0         99
        0         99
        0         99
        0         99
        0         99
        0         99
        0         99
        0         99
        0         99
        0         99
        0         99
        0         99
        0         99
        0         99
        0         99
        0         99
        0         99
        0         99
        0         99
        0         99
        0         99
        0         99
        0         99
        0         99
        0         99
        0         99
        0         99
        0         99
        0         99
        0         99
        0         99
        0         99
        0         99
        0         99
        0         99
        0         99
        0         99
        0         99
        0         99
        0         99
        0         99
        0         99
        0         99
        0         99
        0         99
        0         99
        0         99
        0         99
        0         99
        0         99
        0         99
        0         99
        0         99
        0         99
        0         99
        0         99
        0         99
        0         99
        0         99
        0         99
        0         99
        0         99
        0         99
        0         99
        0         99
        0         99
        0         99
        0         99
        0         99
        0         99
        0         99
        0         99
        0         99
        0         99
        0         99
        0         99
        0         99
        0         99
        0         99
        0         99
        0         99
        0         99
        0         99
        0         99
        0         99
        0         99
        0         99
        0         99
        0         99
        0         99
        0         99
        0         99
        0         99
        0         99
        0         99
        0         99
        0         99
        0         99
        0         99
        0         99
        0         99
        0         99
        0         99
        0         99
        0         99
        0         99
        0         99
        0         99
        0         99
        0         99
        0         99
        0         99
        0         99
        0         99
        0         99
        0         99
        0         99
        0         99
        0         99
        0         99
        0         99
        0         99
        0         99
        0         99
        0         99
        0         99
        0         99
        0         99
        0         99
        0         99
        0         99
        0         99
        0         99
        0         99
        0         99
        0         99
        0         99
        0         99
        0         99
        0         99
        0         99
        0         99
        0         99
        0         99
        0         99
        0         99
        0         99
        0         99
        0         99
        0         99
        0         99
        0         99
        0         99
        0         99
        0         99
        0         99
        0         99
        0         99
        0         99
        0         99
        0         99
        0         99
        0         99
        0         99
        0         99
        0         99
        0         99
        0         99
        0         99
        0         99
        0         99
        0         99
        0         99
        0         99
        0         99
        0         99
        0         99
        0         99
        0         99
        0         99
        0         99
        0         99
        0         99
        0         99
        0         99
        0         99
        0         99
        0         99
        0         99
        0         99
        0         99
        0         99
        0         99
        0         99
        0         99
        0         99
        0         99
        0         99
        0         99
        0         99
        0         99
        0         99
        0         99
        0         99
        0         99
        0         99
        0         99
        0         99
        0         99
        0         99
        0         99
        0         99
        0         99
        0         99
        0         99
        0         99
        0         99
        0         99
        0         99
        0         99
        0         99
        0         99
        0         99
        0         99
        0         99
        0         99
        0         99
        0         99
        0         99
        0         99
        0         99
        0         99
        0         99
        0         99
        0         99
        0         99
        0         99
        0         99
        0         99
        0         99
        0         99
        0         99
        0         99
        0         99
        0         99
        0         99
        0         99
        0         99
        0         99
        0         99
        0         99
        0         99
        0         99
        0         99
        0         99
        0         99
        0         99
        0         99
        0         99
        0         99
        0         99
        0         99
        0         99
        0         99
        0         99
        0         99
        0         99
        0         99
        0         99
        0         99
        0         99
        0         99
        0         99
        0         99
        0         99
        0         99
        0         99
        0         99
        0         99
        0         99
        0         99
        0         99
        0         99
        0         99
        0         99
        0         99
        0         99
        0         99
        0         99
        0         99
        0         99
        0         99
        0         99
        0         99
        0         99
        0         99
        0         99
        0         99
        0         99
        0         99
        0         99
        0         99
        0         99
        0         99
        0         99
        0         99
        0         99
        0         99
        0         99
        0         99
        0         99
        0         99
        0         99
        0         99
        0         99
        0         99
        0         99
        0         99
        0         99
        0         99
        0         99
        0         99
        0         99
        0         99
        0         99
        0         99
        0         99
        0         99
        0         99
        0         99
        0         99
        0         99
        0         99
        0         99
        0         99
        0         99
        0         99
        0         99
        0         99
        0         99
        0         99
        0         99
        0         99
        0         99
        0         99
        0         99
        0         99
        0         99
        0         99
        0         99
        0         99
        0         99
        0         99
        0         99
        0         99
        0         99
        0         99
        0         99
        0         99
        0         99
        0         99
        0         99
        0         99
        0         99
        0         99
        0         99
        0         99
        0         99
        0         99
        0         99
        0         99
        0         99
        0         99
        0         99
        0         99
        0         99
        0         99
        0         99
        0         99
        0         99
        0         99
        0         99
        0         99
        0         99
        0         99
        0         99
        0         99
        0         99
        0         99
        0         99
        0         99
        0         99
        0         99
        0         99
        0         99
        0         99
        0         99
        0         99
        0         99
        0         99
        0         99
        0         99
        0         99
        0         99
        0         99
        0         99
        0         99
        0         99
        0         99
        0         99
        0         99
        0         99
        0         99
        0         99
        0         99
        0         99
        0         99
        0         99
        0         99
        0         99
        0         99
        0         99
        0         99
        0         99
        0         99
        0         99
        0         99
        0         99
        0         99
        0         99
        0         99
        0         99
        0         99
        0         99
        0         99
        0         99
        0         99
        0         99
        0         99
        0         99
        0         99
        0         99
        0         99
        0         99
        0         99
        0         99
        0         99
        0         99
        0         99
        0         99
        0         99
        0         99
        0         99
        0         99
        0         99
        0         99
        0         99
        0         99
        0         99
        0         99
        0         99
        0         99
        0         99
        0         99
        0         99
        0         99
        0         99
        0         99
        0         99
        0         99
        0         99
        0         99
        0         99
        0         99
        0         99
        0         99
        0         99
        0         99
        0         99
        0         99
        0         99
        0         99
        0         99
        0         99
        0         99
        0         99
        0         99
        0         99
        0         99
        0         99
        0         99
        0         99
        0         99
        0         99
        0         99
        0         99
        0         99
        0         99
        0         99
        0         99
        0         99
        0         99
        0         99
        0         99
        0         99
        0         99
        0         99
        0         99
        0         99
        0         99
        0         99
        0         99
        0         99
        0         99
        0         99
        0         99
        0         99
        0         99
        0         99
        0         99
        0         99
        0         99
        0         99
        0         99
        0         99
        0         99
        0         99
        0         99
        0         99
        0         99
        0         99
        0         99
        0         99
        0         99
        0         99
        0         99
        0         99
        0         99
        0         99
        0         99
        0         99
        0         99
        0         99
        0         99
        0         99
        0         99
        0         99
        0         99
        0         99
        0         99
        0         99
        0         99
        0         99
        0         99
        0         99
        0         99
        0         99
        0         99
        0         99
        0         99
        0         99
        0         99
        0         99
        0         99
        0         99
        0         99
        0         99
        0         99
        0         99
        0         99
        0         99
        0         99
        0         99
        0         99
        0         99
        0         99
        0         99
        0         99
        0         99
        0         99
        0         99
        0         99
        0         99
        0         99
        0         99
        0         99
        0         99
        0         99
        0         99
        0         99
        0         99
        0         99
        0         99
        0         99
        0         99
        0         99
        0         99
        0         99
        0         99
        0         99
        0         99
        0         99
        0         99
        0         99
        0         99
        0         99
        0         99
        0         99
        0         99
        0         99
        0         99
        0         99
        0         99
        0         99
        0         99
        0         99
        0         99
        0         99
        0         99
        0         99
        0         99
        0         99
        0         99
        0         99
        0         99
        0         99
        0         99
        0         99
        0         99
        0         99
        0         99
        0         99
        0         99
        0         99
        0         99
        0         99
        0         99
        0         99
        0         99
        0         99
        0         99
        0         99
        0         99
        0         99
        0         99
        0         99
        0         99
        0         99
        0         99
        0         99
        0         99
        0         99
        0         99
        0         99
        0         99
        0         99
        0         99
        0         99
        0         99
        0         99
        0         99
        0         99
        0         99
        0         99
        0         99
        0         99
        0         99
        0         99
        0         99
        0         99
        0         99
        0         99
        0         99
        0         99
        0         99
        0         99
        0         99
        0         99
        0         99
        0         99
        0         99
        0         99
        0         99
        0         99
        0         99
        0         99
        0         99
        0         99
        0         99
        0         99
        0         99
        0         99
        0         99
        0         99
        0         99
        0         99
        0         99
        0         99
        0         99
        0         99
        0         99
        0         99
        0         99
        0         99
        0         99
        0         99
        0         99
        0         99
        0         99
        0         99
        0         99
        0         99
        0         99
        0         99
        0         99
        0         99
        0         99
        0         99
        0         99
        0         99
        0         99
        0         99
        0         99
        0         99
        0         99
        0         99
        0         99
        0         99
        0         99
        0         99
        0         99
        0         99
        0         99
        0         99
        0         99
        0         99
        0         99
        0         99
        0         99
        0         99
        0         99
        0         99
        0         99
        0         99
        0         99
        0         99
        0         99
        0         99
        0         99
        0         99
        0         99
        0         99
        0         99
        0         99
        0         99
        0         99
        0         99
        0         99
        0         99
        0         99
        0         99
        0         99
        0         99
        0         99
        0         99
        0         99
        0         99
        0         99
        0         99
        0         99
        0         99
        0         99
        0         99
        0         99
        0         99
        0         99
        0         99
        0         99
        0         99
        0         99
        0         99
        0         99
        0         99
        0         99
        0         99
        0         99
        0         99
        0         99
        0         99
        0         99
        0         99
        0         99
        0         99
        0         99
        0         99
        0         99
        0         99
        0         99
        0         99
        0         99
        0         99
        0         99
        0         99
        0         99
        0         99
        0         99
        0         99
        0         99
        0         99
        0         99
        0         99
        0         99
        0         99
        0         99
        0         99
        0         99
        0         99
        0         99
        0         99
        0         99
        0         99
        0         99
        0         99
        0         99
        0         99
        0         99
        0         99
        0         99
        0         99
        0         99
        0         99
        0         99
        0         99
        0         99
        0         99
        0         99
        0         99
        0         99
        0         99
        0         99
        0         99
        0         99
        0         99
        0         99
        0         99
        0         99
        0         99
        0         99
        0         99
        0         99
        0         99
        0         99
        0         99
        0         99
        0         99
        0         99
        0         99
        0         99
        0         99
        0         99
        0         99
        0         99
        0         99
        0         99
        0         99
        0         99
        0         99
        0         99
        0         99
        0         99
        0         99
        0         99
        0         99
        0         99
        0         99
        0         99
        0         99
        0         99
        0         99
        0         99
        0         99
        0         99
        0         99
        0         99
        0         99
        0         99
        0         99
        0         99
        0         99
        0         99
        0         99
        0         99
        0         99
        0         99
        0         99
        0         99
        0         99
        0         99
        0         99
        0         99
        0         99
        0         99
        0         99
