        0
 .1004851
      -99
      -99
      -99
      -99
      -99
      -99
  .006272
      -99
 .1776968
 .1961179
      -99
        0
        0
      -99
      -99
      -99
      -99
 .0430208
      -99
        0
      -99
      -99
 .0016873
      -99
 .8330208
        0
      -99
      -99
      -99
      -99
      -99
      -99
        0
      -99
 .0535882
      -99
      -99
        0
  .043008
      -99
      -99
 .0207893
 .0114703
      -99
 .0270256
      -99
      -99
 .2934258
        0
      -99
      -99
 .0214098
      -99
        0
      -99
 .0067641
      -99
        0
      -99
      -99
 .2018807
      -99
      -99
      -99
 .0375016
      -99
        0
      -99
      -99
 .0152356
 .0950925
 .0271993
      -99
      -99
      -99
      -99
      -99
      -99
        0
      -99
      -99
      -99
      -99
        0
      -99
        0
 .3768613
      -99
      -99
   .00906
      -99
 .1291866
      -99
      -99
      -99
      -99
      -99
      -99
      -99
        0
      -99
      -99
      -99
        0
      -99
      -99
      -99
      -99
 .0762516
  .063762
      -99
        0
      -99
        0
        0
      -99
      -99
 .0028409
      -99
 .4389585
 .0404019
 .3402292
      -99
        0
 .1355222
      -99
      -99
      -99
 .0587547
      -99
      -99
      -99
      -99
        0
      -99
      -99
      -99
      -99
      -99
      -99
        0
        0
      -99
 .0196264
        0
      -99
        0
      -99
 .0101417
      -99
 .0268614
      -99
      -99
      -99
      -99
  .063512
 .0020587
  .002393
      -99
      -99
        0
      -99
      -99
      -99
 .0491321
 .0237449
      -99
      -99
      -99
 .1552253
      -99
      -99
      -99
 .3555071
      -99
      -99
 .0640673
      -99
      -99
 .0166154
        0
      -99
      -99
      -99
      -99
 .0559424
        0
      -99
      -99
      -99
      -99
      -99
        0
 .0441932
  .018761
  .117126
 .0459179
        0
 .0046433
        0
   3.4715
      -99
 .0318977
 .0011755
        0
      -99
        0
 .0280701
 .1218876
      -99
 .3454319
      -99
 1.466645
 .0096361
      -99
      -99
 .1378057
        0
 .0096437
  .008588
      -99
      -99
      -99
 .0099785
      -99
      -99
 .2212345
      -99
      -99
 .3756223
      -99
      -99
      -99
      -99
      -99
        0
        0
        0
 .2663914
      -99
        0
      -99
 .0027065
      -99
      -99
      -99
        0
      -99
      -99
 .3367891
 .3468522
      -99
        0
      -99
      -99
      -99
      -99
      -99
      -99
        0
      -99
      -99
        0
 .0123733
 .4118954
      -99
      -99
      -99
        0
      -99
      -99
      -99
      -99
 2.112759
      -99
 .0323399
      -99
      -99
      -99
      -99
      -99
      -99
      -99
      -99
      -99
        0
        0
      -99
        0
      -99
 .1372453
 .0365194
 .3076227
 .3485656
        0
      -99
      -99
      -99
      -99
      -99
        0
 .0252821
 .0221278
        0
      -99
      -99
 .0357679
  .059901
      -99
      -99
      -99
      -99
      -99
 .0016104
 .4222054
      -99
 .0022265
      -99
      -99
      -99
      -99
        0
 1.334254
 .1974861
 .1674939
      -99
 .2866073
      -99
 .0062714
        0
 .1477757
      -99
      -99
        0
      -99
      -99
      -99
      -99
      -99
      -99
      -99
      -99
      -99
      -99
      -99
      -99
 .4549773
        0
      -99
 .0044407
 .0452436
      -99
      -99
      -99
        0
        0
        0
      -99
      -99
      -99
        0
 .3246298
      -99
 .1993166
      -99
      -99
      -99
 .0408504
      -99
 .0019369
 .8274275
      -99
      -99
      -99
      -99
      -99
      -99
      -99
 .0011106
        0
        0
      -99
      -99
      -99
      -99
      -99
 .5477691
      -99
        0
      -99
        0
 1.465439
 .3517959
      -99
      -99
 .1505786
        0
      -99
      -99
      -99
      -99
 .0006862
      -99
      -99
 .0792371
      -99
 .7309411
      -99
        0
      -99
      -99
      -99
      -99
      -99
      -99
 .0447618
      -99
        0
      -99
      -99
      -99
      -99
      -99
 .0611098
 .1543121
 .0454637
        0
        0
      -99
 .1000391
 .0042912
        0
 .0554424
      -99
        0
        0
      -99
      -99
      -99
        0
      -99
        7
      -99
      -99
 .0210219
      -99
 .0135193
        0
      -99
      -99
      -99
        0
 .0508679
        0
        0
      -99
        0
      -99
      -99
      -99
 .0956706
      -99
      -99
        0
        0
      -99
      -99
     .112
      -99
      -99
 .3503216
      -99
      -99
      -99
      -99
        0
      -99
      -99
      -99
      -99
      -99
        0
      -99
      -99
        0
      -99
      -99
 .0295326
      -99
        0
      -99
 .0357255
 .1630031
      -99
      -99
 .0300715
        0
      -99
 .1679471
  .178761
 .0448067
      -99
 1.412068
 .1539953
        0
        0
        0
      -99
 .0884267
      -99
      -99
      -99
      -99
        0
 .2994468
      -99
      -99
      -99
      -99
      -99
      -99
        0
        0
      -99
 .0009663
      -99
 .0337151
      -99
      -99
 .0579755
        0
 .0696117
 .0009026
      -99
      -99
 .6954232
 .0578047
      -99
 .0213404
      -99
      -99
      -99
      -99
  .057661
      -99
      -99
      -99
        0
      -99
        0
      -99
      -99
      -99
      -99
        0
        0
      -99
      -99
 .0211404
      -99
      -99
        0
      -99
      -99
      -99
      -99
      -99
      -99
      -99
        0
        0
      -99
      -99
      -99
        0
      -99
      -99
 .0799196
      -99
      -99
      -99
      -99
      -99
      -99
      -99
      -99
 .0620183
      -99
      -99
      -99
        0
      -99
      -99
 .0463492
 .0111128
      -99
      -99
      -99
      -99
        0
        0
        0
      -99
      -99
 .0132689
      -99
        0
      -99
        0
      -99
 .0651566
      -99
 .3717437
      -99
      -99
      -99
        0
      -99
 .1298506
      -99
        0
        0
      -99
      -99
 .0368651
 .0228296
      -99
      -99
      -99
      -99
        0
      -99
      -99
      -99
      -99
        0
      -99
      -99
 .0576176
      -99
      -99
 .0191023
 .0757795
        0
      -99
      -99
      -99
        0
      -99
      -99
 .0960758
      -99
      -99
        0
        0
      -99
      -99
 .5062016
      -99
 .0702654
      -99
        0
      -99
      -99
 .0580379
      -99
 .0027547
        0
 2.298302
      -99
      -99
      -99
      -99
 .0417572
        0
      -99
      -99
      -99
      -99
        0
      -99
      -99
      -99
      -99
 .0048127
      -99
      -99
        0
      -99
      -99
        0
      -99
      -99
      -99
        0
      -99
      -99
      -99
      -99
      -99
 .2734922
      -99
      -99
 .0132773
      -99
      -99
      -99
      -99
      -99
        0
      -99
      -99
      -99
      -99
      -99
      -99
      -99
      -99
      -99
      -99
        0
      -99
      -99
 .0009188
      -99
 .0105298
      -99
      -99
 .0132558
  .001732
      -99
      -99
      -99
      -99
 .1576709
      -99
      -99
      -99
      -99
        0
      -99
      -99
 .0268548
        0
      -99
      -99
 .3684987
      -99
      -99
      -99
      -99
      -99
      -99
        0
   .00051
      -99
      -99
 .0523419
      -99
        0
      -99
      -99
 .0420244
      -99
      -99
        0
      -99
      -99
      -99
      -99
      -99
      -99
        0
        0
      -99
        0
      -99
        0
      -99
        0
      -99
      -99
      -99
        0
      -99
      -99
      -99
      -99
      -99
 .3401741
      -99
      -99
        0
      -99
        0
      -99
      -99
        0
      -99
      -99
      -99
        0
        0
      -99
      -99
      -99
      -99
      -99
      -99
 .0721941
      -99
      -99
        0
      -99
      -99
      -99
      -99
      -99
      -99
      -99
      -99
  .003881
      -99
      -99
      -99
      -99
      -99
      -99
 .0183962
      -99
      -99
      -99
      -99
        0
        0
      -99
      -99
        0
      -99
 .0038658
      -99
      -99
      -99
      -99
      -99
      -99
      -99
        0
      -99
      -99
      -99
      -99
        0
        0
      -99
      -99
 .1863798
 .0627435
      -99
      -99
      -99
      -99
 .0187653
        0
      -99
      -99
      -99
      -99
      -99
      -99
      -99
      -99
        0
        0
      -99
      -99
 .0328993
      -99
      -99
      -99
      -99
      -99
      -99
 .2982635
      -99
      -99
 .0052922
        0
  .179953
        0
      -99
        0
        0
      -99
      -99
      -99
      -99
        0
        0
      -99
 .2078445
      -99
      -99
      -99
      -99
      -99
 .4032166
      -99
      -99
      -99
        0
      -99
   .53825
 .0836756
        0
      -99
        0
      -99
        0
      -99
      -99
      -99
      -99
      -99
      -99
        0
      -99
      -99
      -99
 .0775085
      -99
 1.108465
      -99
      -99
      -99
      -99
        0
        0
        0
        0
      -99
        0
 .0015927
      -99
 .3562217
      -99
      -99
      -99
 .0324452
      -99
      -99
        0
      -99
      -99
        0
 .0068153
      -99
 .0129994
        0
      -99
      -99
      -99
        0
      -99
      -99
  .010843
      -99
      -99
      -99
      -99
        0
 .0456058
        0
      -99
      -99
      -99
      -99
      -99
      -99
      -99
      -99
      -99
 .0056443
 .2579042
        0
        0
      -99
 .0034321
      -99
      -99
      -99
      -99
      -99
 .1873507
 .2295573
        0
        0
      -99
      -99
        0
 .2037709
 .0659086
      -99
      -99
 .2619174
 .2365338
      -99
      -99
      -99
 .0127591
 .0157685
      -99
      -99
        0
        0
      -99
 .0284388
 .4252862
      -99
      -99
      -99
      -99
 .6958259
        0
      -99
        0
      -99
 .2325449
      -99
        0
      -99
 .1200858
      -99
        0
      -99
      -99
 1.594094
      -99
      -99
      -99
 .0187508
      -99
      -99
      -99
      -99
      -99
      -99
      -99
  .109884
      -99
        0
        0
        0
        0
      -99
      -99
 .0005549
        0
      -99
      -99
      -99
        0
        0
        0
      -99
      -99
      -99
 .5036185
        0
 .0219194
        0
 .3111044
 .4537418
      -99
      -99
      -99
        0
      -99
      -99
      -99
 .0129112
        0
        0
 .0270564
 .0010617
        0
  .008924
        0
      -99
 .0030432
      -99
      -99
      -99
        0
      -99
      -99
      -99
 .2681067
      -99
      -99
 .1190853
      -99
      -99
      -99
      -99
      -99
  .044633
 .0248959
 .2138716
 .0110911
      -99
      -99
 .0558783
      -99
 .1650222
      -99
      -99
 .3302657
      -99
        0
 .7459172
      -99
      -99
        0
        0
      -99
 .0789541
      -99
      -99
 .0310862
      -99
 .1511147
      -99
   2.5533
        0
        0
 1.415113
      -99
      -99
      -99
      -99
 .1335591
      -99
        0
  .237626
      -99
      -99
        0
      -99
      -99
 .0784419
      -99
      -99
        0
      -99
      -99
        0
        0
      -99
      -99
      -99
      -99
      -99
      -99
 .0036275
        0
        0
 .2094386
        0
      -99
 .2326069
      -99
        0
        0
 .1443649
      -99
      -99
        0
      -99
      -99
 .4301809
      -99
 .0782529
        0
        0
      -99
      -99
   .01595
 .0330772
      -99
 .0023988
      -99
 2.382198
      -99
      -99
 .0042246
 .0143605
      -99
 .6060687
      -99
      -99
  .582196
      -99
  .003982
      -99
      -99
 .0022122
      -99
        0
      -99
      -99
      -99
      -99
      -99
      -99
      -99
        0
 .0116424
 .0185291
      -99
        0
      -99
        0
      -99
      -99
      -99
      -99
      -99
      -99
      -99
        0
      -99
      -99
      -99
      -99
      -99
      -99
 .0287851
      -99
 .2015014
 .0262657
      -99
      -99
      -99
      -99
      -99
      -99
      -99
      -99
        0
      -99
 .0017149
        0
      -99
      -99
      -99
        0
      -99
        0
      -99
        0
 .0247918
      -99
      -99
        0
      -99
 .0487771
 .0938726
      -99
 .0424422
 .1039241
 .0012867
 .2793786
      -99
      -99
      -99
      -99
      -99
        0
      -99
      -99
 .1662528
      -99
 1.291986
        0
 .0245979
      -99
      -99
      -99
  .000206
      -99
      -99
      -99
      -99
      -99
      -99
      -99
      -99
      -99
      -99
      -99
 .1462315
      -99
      -99
      -99
      -99
 .4384726
        0
      -99
      -99
      -99
      -99
        0
 .0065672
      -99
        0
      -99
      -99
      -99
      -99
      -99
      -99
      -99
 .1423882
        0
      -99
        0
 .0773649
      -99
        0
      -99
      -99
      -99
        0
      -99
 .1157682
      -99
      -99
        0
      -99
      -99
 .0288291
        0
      -99
        0
      -99
 .4233758
        0
      -99
 .0027452
      -99
 .0116576
        0
 .0019477
        0
      -99
      -99
      -99
      -99
      -99
      -99
      -99
      -99
        0
 .0159518
        0
        0
        0
      -99
        0
 .2333131
      -99
      -99
      -99
      -99
      -99
      -99
        0
      -99
      -99
      -99
      -99
      -99
      -99
 .0699271
      -99
      -99
      -99
      -99
      -99
      -99
        0
      -99
      -99
      -99
 .1643224
      -99
      -99
      -99
        0
 .0912054
      -99
      -99
      -99
      -99
      -99
      -99
 .6399485
      -99
        0
        0
      -99
 .3559246
 .4809772
      -99
      -99
      -99
        0
      -99
      -99
        0
 .0458678
        0
      -99
        0
      -99
 .0022019
      -99
 .5288774
 .0843954
      -99
 .7440682
      -99
 .2152871
      -99
 .3616568
      -99
        0
      -99
      -99
      -99
 .0138598
      -99
      -99
      -99
      -99
      -99
 .0141709
      -99
      -99
      -99
      -99
 .2965789
      -99
      -99
      -99
      -99
      -99
      -99
 1.122046
      -99
      -99
      -99
 2.682275
      -99
        0
      -99
  .094678
      -99
      -99
 .0074854
      -99
 .0770284
      -99
      -99
      -99
      -99
      -99
      -99
      -99
      -99
      -99
 .0391565
      -99
      -99
      -99
      -99
      -99
  .099792
      -99
      -99
      -99
 .0777083
        0
 2.969118
 .0408103
      -99
      -99
      -99
      -99
 .0003052
      -99
      -99
        0
 .0788252
      -99
      -99
      -99
      -99
      -99
        0
      -99
      -99
        0
 .3055107
        0
      -99
 .0121717
      -99
      -99
 .0577926
      -99
      -99
 .0710163
      -99
        0
      -99
      -99
        0
 .4295728
      -99
      -99
      -99
  .194491
      -99
      -99
      -99
      -99
 .0134908
        0
      -99
      -99
      -99
      -99
 .0128071
      -99
        0
        0
      -99
      -99
      -99
 .0787282
 .9682287
        0
        0
 1.169358
      -99
      -99
      -99
 .2331026
      -99
        0
      -99
      -99
 1.850052
      -99
      -99
      -99
      -99
        0
      -99
      -99
      -99
      -99
      -99
 .0199993
      -99
      -99
      -99
      -99
 1.143943
        0
      -99
 .0272279
 .0070302
 .3977981
      -99
        0
      -99
      -99
        0
      -99
      -99
      -99
      -99
      -99
 .3199171
      -99
      -99
      -99
 .2498817
        0
        0
      -99
        0
      -99
      -99
      -99
        0
      -99
      -99
      -99
 .0384999
 .2214225
 .0137914
 .0130528
      -99
        0
      -99
        0
      -99
      -99
        0
      -99
 .0208506
      -99
 2.082552
      -99
      -99
      -99
      -99
        0
        0
      -99
      -99
      -99
      -99
      -99
      -99
        0
      -99
        0
      -99
 .4153954
      -99
      -99
        0
      -99
 .1060302
      -99
        0
      -99
 .0886806
      -99
      -99
      -99
      -99
      -99
 .0085593
      -99
      -99
      -99
 .0879553
      -99
 .0009525
 .0016354
  .312246
      -99
      -99
      -99
      -99
      -99
 .1228392
      -99
 .1313773
        0
 .4298046
      -99
 .0063409
 1.922847
        0
        0
      -99
      -99
        0
      -99
      -99
 .0011965
 .0013508
      -99
      -99
      -99
      -99
 .1028629
        0
      -99
      -99
 .1063325
 .2340172
      -99
      -99
      -99
      -99
      -99
      -99
  .168814
      -99
      -99
      -99
        0
        0
      -99
 .0016678
      -99
 .0100594
      -99
      -99
 .0017219
      -99
      -99
      -99
        0
        0
        0
 .2097446
        0
 .0233432
      -99
        0
        0
        0
        0
 .0802712
        0
 .2644951
      -99
      -99
      -99
      -99
      -99
        0
      -99
 .0468374
 .1079033
        0
        0
      -99
      -99
        0
        0
      -99
        0
 .2768815
        0
        0
        0
      -99
        0
      -99
 .0814866
        0
        0
        0
        0
      -99
        0
      -99
      -99
      -99
        0
        0
        0
        0
      -99
      -99
        0
      -99
      -99
        0
      -99
      -99
      -99
 .1212269
      -99
      -99
      -99
        0
 .1957975
      -99
      -99
 .0234187
        0
      -99
 .1021948
        0
        0
 .3011507
      -99
      -99
      -99
      -99
        0
        0
      -99
      -99
      -99
        0
      -99
        0
        0
 .0209367
        0
      -99
        0
      -99
        0
        0
        0
        0
        0
        0
      -99
        0
        0
        0
        0
        0
        0
      -99
      -99
        0
        0
        0
        0
        0
        0
        0
        0
        0
        0
      -99
      -99
        0
        0
        0
        0
        0
        0
        0
        0
        0
        0
        0
        0
        0
        0
        0
      -99
      -99
        0
        0
        0
      -99
        0
        0
        0
        0
        0
        0
        0
        0
      -99
      -99
        0
        0
      -99
      -99
        0
        0
        0
      -99
        0
        0
      -99
        0
        0
        0
        0
        0
        0
      -99
        0
        0
        0
        0
        0
        0
        0
        0
        0
        0
        0
        0
        0
        0
        0
        0
        0
        0
        0
        0
        0
        0
        0
        0
        0
      -99
        0
        0
        0
      -99
        0
        0
        0
        0
        0
        0
        0
        0
        0
        0
        0
      -99
        0
        0
        0
        0
      -99
        0
        0
      -99
        0
        0
        0
        0
        0
        0
        0
        0
        0
        0
        0
        0
        0
        0
        0
      -99
        0
        0
        0
      -99
        0
        0
        0
        0
        0
        0
        0
        0
        0
      -99
        0
        0
        0
      -99
        0
        0
      -99
        0
        0
        0
        0
        0
      -99
        0
        0
      -99
        0
        0
        0
        0
        0
        0
        0
      -99
      -99
        0
        0
      -99
        0
        0
        0
        0
        0
        0
        0
        0
      -99
        0
        0
        0
      -99
        0
        0
        0
        0
        0
        0
        0
        0
        0
        0
        0
      -99
        0
      -99
      -99
        0
        0
        0
        0
      -99
        0
        0
        0
      -99
        0
        0
        0
        0
        0
        0
        0
      -99
      -99
        0
        0
        0
        0
        0
      -99
      -99
        0
        0
        0
      -99
        0
        0
        0
        0
        0
      -99
        0
      -99
        0
        0
        0
      -99
        0
        0
        0
        0
      -99
      -99
        0
        0
        0
        0
      -99
      -99
        0
        0
        0
        0
        0
        0
        0
        0
        0
        0
        0
        0
        0
      -99
        0
