        1        855
        1       2071
        1       1885
        1        195
        1       1557
        1       1008
        1       1951
        1       2092
        1       1316
        1       1526
        1        433
        1       1186
        1       1587
        1       1756
        1       2087
        1        974
        1        232
        1        550
        1        266
        1       1550
        1        895
        1        913
        1        499
        1       1732
        1        892
        1       2078
        1       2068
        1       2011
        1         11
        1          2
        1       1370
        1       1918
        1       1867
        1       1372
        1       2012
        1       1085
        1       1440
        1        395
        1        168
        1       1713
        1       2097
        1        824
        1       1156
        1        657
        1       1813
        1       1059
        1        990
        1       1941
        1       1055
        1        293
        1       1669
        1        940
        1       1605
        1       1915
        1       1683
        1       1905
        1        487
        1       2086
        1       1950
        1       2030
        1       2057
        1       1030
        1       1967
        1        511
        1       1962
        1       1611
        1       1701
        1       1147
        1       1221
        1       1909
        1       1176
        1        151
        1       1966
        1        216
        1       2091
        1        189
        1       2062
        1        831
        1       1187
        1        478
        1        580
        1       1682
        1        507
        1       1994
        1        954
        1        894
        1       1884
        1        291
        1        998
        1        182
        1       1175
        1       1720
        1       1678
        1       1697
        1       1845
        1       1737
        1       1960
        1       1065
        1       1036
        1       1988
        1       1369
        1        144
        1        382
        1        934
        1       1073
        1        202
        1       1996
        1       2036
        1        207
        1       1899
        1         88
        1       1838
        1        516
        1       1852
        1       1952
        1       1261
        1        988
        1        621
        1        288
        1        407
        1        411
        1        434
        1       1932
        1       1198
        1        947
        1        693
        1       1912
        1       1760
        1       1254
        1        114
        1       1017
        1       1892
        1       1485
        1       1993
        1       1942
        1        201
        1       1056
        1       1412
        1       1547
        1        558
        1        124
        1        664
        1       1146
        1       1150
        1        812
        1       1908
        1       1920
        1       2074
        1       1201
        1       1863
        1       1924
        1        597
        1       1889
        1       1332
        1       1528
        1        331
        1       1842
        1        158
        1       1183
        1       1829
        1       1855
        1        310
        1       1310
        1        650
        1       1774
        1       2056
        1        430
        1       1366
        1       1084
        1       1424
        1        842
        1        552
        1       1830
        1       1438
        1       1269
        1       1897
        1       1873
        1        564
        1        295
        1        660
        1        426
        1       1503
        1       1887
        1       1906
        1       2004
        1        975
        1        393
        1       2083
        1       2085
        1        944
        1       1423
        1       1089
        1        776
        1        646
        1         14
        1       1223
        1       2055
        1        359
        1       2032
        1       2003
        1         12
        1        677
        1       1765
        1        126
        1       2009
        1       2042
        1       1937
        1       1315
        1        706
        1       1083
        1        143
        1       1132
        1       1620
        1       1849
        1       2017
        1       1690
        1       1822
        1       2077
        1         81
        1         22
        1       1329
        1       1816
        1        131
        1        951
        1       1513
        1        262
        1        604
        1        502
        1       1644
        1       1890
        1       2027
        1       1961
        1       1931
        1       1240
        1       1667
        1        418
        1       1491
        1       2031
        1       1708
        1       1764
        1       1586
        1        333
        1       2037
        1       1088
        1       2084
        1       1429
        1        997
        1        731
        1       2095
        1       1004
        1       1542
        1       1928
        1        249
        1       2065
        1       1819
        1       1171
        1       1971
        1       1946
        1       1170
        1       2016
        1       1834
        1       1712
        1       1876
        1       1668
        1       1811
        1       1894
        1       1983
        1       1193
        1        627
        1       1556
        1        427
        1        573
        1        492
        1       1781
        1       1013
        1        391
        1       1111
        1       1060
        1       2072
        1       1066
        1       1122
        1       2089
        1       1995
        1       1898
        1        603
        1       2000
        1        589
        1        919
        1       1191
        1       1745
        1        840
        1        765
        1        939
        1       2039
        1        332
        1        656
        1        326
        1       1103
        1       1717
        1        745
        1        775
        1       1911
        1         60
        1       1356
        1       2021
        1         47
        1        289
        1       1956
        1       1263
        1        160
        1       1930
        0         99
        0         99
        0         99
        0         99
        0         99
        0         99
        0         99
        0         99
        0         99
        0         99
        0         99
        0         99
        0         99
        0         99
        0         99
        0         99
        0         99
        0         99
        0         99
        0         99
        0         99
        0         99
        0         99
        0         99
        0         99
        0         99
        0         99
        0         99
        0         99
        0         99
        0         99
        0         99
        0         99
        0         99
        0         99
        0         99
        0         99
        0         99
        0         99
        0         99
        0         99
        0         99
        0         99
        0         99
        0         99
        0         99
        0         99
        0         99
        0         99
        0         99
        0         99
        0         99
        0         99
        0         99
        0         99
        0         99
        0         99
        0         99
        0         99
        0         99
        0         99
        0         99
        0         99
        0         99
        0         99
        0         99
        0         99
        0         99
        0         99
        0         99
        0         99
        0         99
        0         99
        0         99
        0         99
        0         99
        0         99
        0         99
        0         99
        0         99
        0         99
        0         99
        0         99
        0         99
        0         99
        0         99
        0         99
        0         99
        0         99
        0         99
        0         99
        0         99
        0         99
        0         99
        0         99
        0         99
        0         99
        0         99
        0         99
        0         99
        0         99
        0         99
        0         99
        0         99
        0         99
        0         99
        0         99
        0         99
        0         99
        0         99
        0         99
        0         99
        0         99
        0         99
        0         99
        0         99
        0         99
        0         99
        0         99
        0         99
        0         99
        0         99
        0         99
        0         99
        0         99
        0         99
        0         99
        0         99
        0         99
        0         99
        0         99
        0         99
        0         99
        0         99
        0         99
        0         99
        0         99
        0         99
        0         99
        0         99
        0         99
        0         99
        0         99
        0         99
        0         99
        0         99
        0         99
        0         99
        0         99
        0         99
        0         99
        0         99
        0         99
        0         99
        0         99
        0         99
        0         99
        0         99
        0         99
        0         99
        0         99
        0         99
        0         99
        0         99
        0         99
        0         99
        0         99
        0         99
        0         99
        0         99
        0         99
        0         99
        0         99
        0         99
        0         99
        0         99
        0         99
        0         99
        0         99
        0         99
        0         99
        0         99
        0         99
        0         99
        0         99
        0         99
        0         99
        0         99
        0         99
        0         99
        0         99
        0         99
        0         99
        0         99
        0         99
        0         99
        0         99
        0         99
        0         99
        0         99
        0         99
        0         99
        0         99
        0         99
        0         99
        0         99
        0         99
        0         99
        0         99
        0         99
        0         99
        0         99
        0         99
        0         99
        0         99
        0         99
        0         99
        0         99
        0         99
        0         99
        0         99
        0         99
        0         99
        0         99
        0         99
        0         99
        0         99
        0         99
        0         99
        0         99
        0         99
        0         99
        0         99
        0         99
        0         99
        0         99
        0         99
        0         99
        0         99
        0         99
        0         99
        0         99
        0         99
        0         99
        0         99
        0         99
        0         99
        0         99
        0         99
        0         99
        0         99
        0         99
        0         99
        0         99
        0         99
        0         99
        0         99
        0         99
        0         99
        0         99
        0         99
        0         99
        0         99
        0         99
        0         99
        0         99
        0         99
        0         99
        0         99
        0         99
        0         99
        0         99
        0         99
        0         99
        0         99
        0         99
        0         99
        0         99
        0         99
        0         99
        0         99
        0         99
        0         99
        0         99
        0         99
        0         99
        0         99
        0         99
        0         99
        0         99
        0         99
        0         99
        0         99
        0         99
        0         99
        0         99
        0         99
        0         99
        0         99
        0         99
        0         99
        0         99
        0         99
        0         99
        0         99
        0         99
        0         99
        0         99
        0         99
        0         99
        0         99
        0         99
        0         99
        0         99
        0         99
        0         99
        0         99
        0         99
        0         99
        0         99
        0         99
        0         99
        0         99
        0         99
        0         99
        0         99
        0         99
        0         99
        0         99
        0         99
        0         99
        0         99
        0         99
        0         99
        0         99
        0         99
        0         99
        0         99
        0         99
        0         99
        0         99
        0         99
        0         99
        0         99
        0         99
        0         99
        0         99
        0         99
        0         99
        0         99
        0         99
        0         99
        0         99
        0         99
        0         99
        0         99
        0         99
        0         99
        0         99
        0         99
        0         99
        0         99
        0         99
        0         99
        0         99
        0         99
        0         99
        0         99
        0         99
        0         99
        0         99
        0         99
        0         99
        0         99
        0         99
        0         99
        0         99
        0         99
        0         99
        0         99
        0         99
        0         99
        0         99
        0         99
        0         99
        0         99
        0         99
        0         99
        0         99
        0         99
        0         99
        0         99
        0         99
        0         99
        0         99
        0         99
        0         99
        0         99
        0         99
        0         99
        0         99
        0         99
        0         99
        0         99
        0         99
        0         99
        0         99
        0         99
        0         99
        0         99
        0         99
        0         99
        0         99
        0         99
        0         99
        0         99
        0         99
        0         99
        0         99
        0         99
        0         99
        0         99
        0         99
        0         99
        0         99
        0         99
        0         99
        0         99
        0         99
        0         99
        0         99
        0         99
        0         99
        0         99
        0         99
        0         99
        0         99
        0         99
        0         99
        0         99
        0         99
        0         99
        0         99
        0         99
        0         99
        0         99
        0         99
        0         99
        0         99
        0         99
        0         99
        0         99
        0         99
        0         99
        0         99
        0         99
        0         99
        0         99
        0         99
        0         99
        0         99
        0         99
        0         99
        0         99
        0         99
        0         99
        0         99
        0         99
        0         99
        0         99
        0         99
        0         99
        0         99
        0         99
        0         99
        0         99
        0         99
        0         99
        0         99
        0         99
        0         99
        0         99
        0         99
        0         99
        0         99
        0         99
        0         99
        0         99
        0         99
        0         99
        0         99
        0         99
        0         99
        0         99
        0         99
        0         99
        0         99
        0         99
        0         99
        0         99
        0         99
        0         99
        0         99
        0         99
        0         99
        0         99
        0         99
        0         99
        0         99
        0         99
        0         99
        0         99
        0         99
        0         99
        0         99
        0         99
        0         99
        0         99
        0         99
        0         99
        0         99
        0         99
        0         99
        0         99
        0         99
        0         99
        0         99
        0         99
        0         99
        0         99
        0         99
        0         99
        0         99
        0         99
        0         99
        0         99
        0         99
        0         99
        0         99
        0         99
        0         99
        0         99
        0         99
        0         99
        0         99
        0         99
        0         99
        0         99
        0         99
        0         99
        0         99
        0         99
        0         99
        0         99
        0         99
        0         99
        0         99
        0         99
        0         99
        0         99
        0         99
        0         99
        0         99
        0         99
        0         99
        0         99
        0         99
        0         99
        0         99
        0         99
        0         99
        0         99
        0         99
        0         99
        0         99
        0         99
        0         99
        0         99
        0         99
        0         99
        0         99
        0         99
        0         99
        0         99
        0         99
        0         99
        0         99
        0         99
        0         99
        0         99
        0         99
        0         99
        0         99
        0         99
        0         99
        0         99
        0         99
        0         99
        0         99
        0         99
        0         99
        0         99
        0         99
        0         99
        0         99
        0         99
        0         99
        0         99
        0         99
        0         99
        0         99
        0         99
        0         99
        0         99
        0         99
        0         99
        0         99
        0         99
        0         99
        0         99
        0         99
        0         99
        0         99
        0         99
        0         99
        0         99
        0         99
        0         99
        0         99
        0         99
        0         99
        0         99
        0         99
        0         99
        0         99
        0         99
        0         99
        0         99
        0         99
        0         99
        0         99
        0         99
        0         99
        0         99
        0         99
        0         99
        0         99
        0         99
        0         99
        0         99
        0         99
        0         99
        0         99
        0         99
        0         99
        0         99
        0         99
        0         99
        0         99
        0         99
        0         99
        0         99
        0         99
        0         99
        0         99
        0         99
        0         99
        0         99
        0         99
        0         99
        0         99
        0         99
        0         99
        0         99
        0         99
        0         99
        0         99
        0         99
        0         99
        0         99
        0         99
        0         99
        0         99
        0         99
        0         99
        0         99
        0         99
        0         99
        0         99
        0         99
        0         99
        0         99
        0         99
        0         99
        0         99
        0         99
        0         99
        0         99
        0         99
        0         99
        0         99
        0         99
        0         99
        0         99
        0         99
        0         99
        0         99
        0         99
        0         99
        0         99
        0         99
        0         99
        0         99
        0         99
        0         99
        0         99
        0         99
        0         99
        0         99
        0         99
        0         99
        0         99
        0         99
        0         99
        0         99
        0         99
        0         99
        0         99
        0         99
        0         99
        0         99
        0         99
        0         99
        0         99
        0         99
        0         99
        0         99
        0         99
        0         99
        0         99
        0         99
        0         99
        0         99
        0         99
        0         99
        0         99
        0         99
        0         99
        0         99
        0         99
        0         99
        0         99
        0         99
        0         99
        0         99
        0         99
        0         99
        0         99
        0         99
        0         99
        0         99
        0         99
        0         99
        0         99
        0         99
        0         99
        0         99
        0         99
        0         99
        0         99
        0         99
        0         99
        0         99
        0         99
        0         99
        0         99
        0         99
        0         99
        0         99
        0         99
        0         99
        0         99
        0         99
        0         99
        0         99
        0         99
        0         99
        0         99
        0         99
        0         99
        0         99
        0         99
        0         99
        0         99
        0         99
        0         99
        0         99
        0         99
        0         99
        0         99
        0         99
        0         99
        0         99
        0         99
        0         99
        0         99
        0         99
        0         99
        0         99
        0         99
        0         99
        0         99
        0         99
        0         99
        0         99
        0         99
        0         99
        0         99
        0         99
        0         99
        0         99
        0         99
        0         99
        0         99
        0         99
        0         99
        0         99
        0         99
        0         99
        0         99
        0         99
        0         99
        0         99
        0         99
        0         99
        0         99
        0         99
        0         99
        0         99
        0         99
        0         99
        0         99
        0         99
        0         99
        0         99
        0         99
        0         99
        0         99
        0         99
        0         99
        0         99
        0         99
        0         99
        0         99
        0         99
        0         99
        0         99
        0         99
        0         99
        0         99
        0         99
        0         99
        0         99
        0         99
        0         99
        0         99
        0         99
        0         99
        0         99
        0         99
        0         99
        0         99
        0         99
        0         99
        0         99
        0         99
        0         99
        0         99
        0         99
        0         99
        0         99
        0         99
        0         99
        0         99
        0         99
        0         99
        0         99
        0         99
        0         99
        0         99
        0         99
        0         99
        0         99
        0         99
        0         99
        0         99
        0         99
        0         99
        0         99
        0         99
        0         99
        0         99
        0         99
        0         99
        0         99
        0         99
        0         99
        0         99
        0         99
        0         99
        0         99
        0         99
        0         99
        0         99
        0         99
        0         99
        0         99
        0         99
        0         99
        0         99
        0         99
        0         99
        0         99
        0         99
        0         99
        0         99
        0         99
        0         99
        0         99
        0         99
        0         99
        0         99
        0         99
        0         99
        0         99
        0         99
        0         99
        0         99
        0         99
        0         99
        0         99
        0         99
        0         99
        0         99
        0         99
        0         99
        0         99
        0         99
        0         99
        0         99
        0         99
        0         99
        0         99
        0         99
        0         99
        0         99
        0         99
        0         99
        0         99
        0         99
        0         99
        0         99
        0         99
        0         99
        0         99
        0         99
        0         99
        0         99
        0         99
        0         99
        0         99
        0         99
        0         99
        0         99
        0         99
        0         99
        0         99
        0         99
        0         99
        0         99
        0         99
        0         99
        0         99
        0         99
        0         99
        0         99
        0         99
        0         99
        0         99
        0         99
        0         99
        0         99
        0         99
        0         99
        0         99
        0         99
        0         99
        0         99
        0         99
        0         99
        0         99
        0         99
        0         99
        0         99
        0         99
        0         99
        0         99
        0         99
        0         99
        0         99
        0         99
        0         99
        0         99
        0         99
        0         99
        0         99
        0         99
        0         99
        0         99
        0         99
        0         99
        0         99
        0         99
        0         99
        0         99
        0         99
        0         99
        0         99
        0         99
        0         99
        0         99
        0         99
        0         99
        0         99
        0         99
        0         99
        0         99
        0         99
        0         99
        0         99
        0         99
        0         99
        0         99
        0         99
        0         99
        0         99
        0         99
        0         99
        0         99
        0         99
        0         99
        0         99
        0         99
        0         99
        0         99
        0         99
        0         99
        0         99
        0         99
        0         99
        0         99
        0         99
        0         99
        0         99
        0         99
        0         99
        0         99
        0         99
        0         99
        0         99
        0         99
        0         99
        0         99
        0         99
        0         99
        0         99
        0         99
        0         99
        0         99
        0         99
        0         99
        0         99
        0         99
        0         99
        0         99
        0         99
        0         99
        0         99
        0         99
        0         99
        0         99
        0         99
        0         99
        0         99
        0         99
        0         99
        0         99
        0         99
        0         99
        0         99
        0         99
        0         99
        0         99
        0         99
        0         99
        0         99
        0         99
        0         99
        0         99
        0         99
        0         99
        0         99
        0         99
        0         99
        0         99
        0         99
        0         99
        0         99
        0         99
        0         99
        0         99
        0         99
        0         99
        0         99
        0         99
        0         99
        0         99
        0         99
        0         99
        0         99
        0         99
        0         99
        0         99
        0         99
        0         99
        0         99
        0         99
        0         99
        0         99
        0         99
        0         99
        0         99
        0         99
        0         99
        0         99
        0         99
        0         99
        0         99
        0         99
        0         99
        0         99
        0         99
        0         99
        0         99
        0         99
        0         99
        0         99
        0         99
        0         99
        0         99
        0         99
        0         99
        0         99
        0         99
        0         99
        0         99
        0         99
        0         99
        0         99
        0         99
        0         99
        0         99
        0         99
        0         99
        0         99
        0         99
        0         99
        0         99
        0         99
        0         99
        0         99
        0         99
        0         99
        0         99
        0         99
        0         99
        0         99
        0         99
        0         99
        0         99
        0         99
        0         99
        0         99
        0         99
        0         99
        0         99
        0         99
        0         99
        0         99
        0         99
        0         99
        0         99
        0         99
        0         99
        0         99
        0         99
        0         99
        0         99
        0         99
        0         99
        0         99
        0         99
        0         99
        0         99
        0         99
        0         99
        0         99
        0         99
        0         99
        0         99
        0         99
        0         99
        0         99
        0         99
        0         99
        0         99
        0         99
        0         99
        0         99
        0         99
        0         99
        0         99
        0         99
        0         99
        0         99
        0         99
        0         99
        0         99
        0         99
        0         99
        0         99
        0         99
        0         99
        0         99
        0         99
        0         99
        0         99
        0         99
        0         99
        0         99
        0         99
        0         99
        0         99
        0         99
        0         99
        0         99
        0         99
        0         99
        0         99
        0         99
        0         99
        0         99
        0         99
        0         99
        0         99
        0         99
        0         99
        0         99
        0         99
        0         99
        0         99
        0         99
        0         99
        0         99
        0         99
        0         99
        0         99
        0         99
        0         99
        0         99
        0         99
        0         99
        0         99
        0         99
        0         99
        0         99
        0         99
        0         99
        0         99
        0         99
        0         99
        0         99
        0         99
        0         99
        0         99
        0         99
        0         99
        0         99
        0         99
        0         99
        0         99
        0         99
        0         99
        0         99
        0         99
        0         99
        0         99
        0         99
        0         99
        0         99
        0         99
        0         99
        0         99
        0         99
        0         99
        0         99
        0         99
        0         99
        0         99
        0         99
        0         99
        0         99
        0         99
        0         99
        0         99
        0         99
        0         99
        0         99
        0         99
        0         99
        0         99
        0         99
        0         99
        0         99
        0         99
        0         99
        0         99
        0         99
        0         99
        0         99
        0         99
        0         99
        0         99
        0         99
        0         99
        0         99
        0         99
        0         99
        0         99
        0         99
        0         99
        0         99
        0         99
        0         99
        0         99
        0         99
        0         99
        0         99
        0         99
        0         99
        0         99
        0         99
        0         99
        0         99
        0         99
        0         99
        0         99
        0         99
        0         99
        0         99
        0         99
        0         99
        0         99
        0         99
        0         99
        0         99
        0         99
        0         99
        0         99
        0         99
        0         99
        0         99
        0         99
        0         99
        0         99
        0         99
        0         99
        0         99
        0         99
        0         99
        0         99
        0         99
        0         99
        0         99
        0         99
        0         99
        0         99
        0         99
        0         99
        0         99
        0         99
        0         99
        0         99
        0         99
        0         99
        0         99
        0         99
        0         99
        0         99
        0         99
        0         99
        0         99
        0         99
        0         99
        0         99
        0         99
        0         99
        0         99
        0         99
        0         99
        0         99
        0         99
        0         99
        0         99
        0         99
        0         99
        0         99
        0         99
        0         99
        0         99
        0         99
        0         99
        0         99
        0         99
        0         99
        0         99
        0         99
        0         99
        0         99
        0         99
        0         99
        0         99
        0         99
        0         99
        0         99
        0         99
        0         99
        0         99
        0         99
        0         99
        0         99
        0         99
        0         99
        0         99
        0         99
        0         99
        0         99
        0         99
        0         99
        0         99
        0         99
        0         99
        0         99
        0         99
        0         99
        0         99
        0         99
        0         99
        0         99
        0         99
        0         99
        0         99
        0         99
        0         99
        0         99
        0         99
        0         99
        0         99
        0         99
        0         99
        0         99
        0         99
        0         99
        0         99
        0         99
        0         99
        0         99
        0         99
        0         99
        0         99
        0         99
        0         99
        0         99
        0         99
        0         99
        0         99
        0         99
        0         99
        0         99
        0         99
        0         99
        0         99
        0         99
        0         99
        0         99
        0         99
        0         99
        0         99
        0         99
        0         99
        0         99
        0         99
        0         99
        0         99
        0         99
        0         99
        0         99
        0         99
        0         99
        0         99
        0         99
        0         99
        0         99
        0         99
        0         99
        0         99
        0         99
        0         99
        0         99
        0         99
        0         99
        0         99
        0         99
        0         99
        0         99
        0         99
        0         99
        0         99
        0         99
        0         99
        0         99
        0         99
        0         99
        0         99
        0         99
        0         99
        0         99
        0         99
        0         99
        0         99
        0         99
        0         99
        0         99
        0         99
        0         99
        0         99
        0         99
        0         99
        0         99
        0         99
        0         99
        0         99
        0         99
        0         99
        0         99
        0         99
        0         99
        0         99
        0         99
        0         99
        0         99
        0         99
        0         99
        0         99
        0         99
        0         99
        0         99
        0         99
        0         99
        0         99
        0         99
        0         99
        0         99
        0         99
        0         99
        0         99
        0         99
        0         99
        0         99
        0         99
        0         99
        0         99
        0         99
        0         99
        0         99
        0         99
        0         99
        0         99
        0         99
        0         99
        0         99
        0         99
        0         99
        0         99
        0         99
        0         99
        0         99
        0         99
        0         99
        0         99
        0         99
        0         99
        0         99
        0         99
        0         99
        0         99
        0         99
        0         99
        0         99
        0         99
        0         99
        0         99
        0         99
        0         99
        0         99
        0         99
        0         99
        0         99
        0         99
        0         99
        0         99
        0         99
        0         99
        0         99
        0         99
        0         99
        0         99
        0         99
        0         99
        0         99
        0         99
        0         99
        0         99
        0         99
        0         99
        0         99
        0         99
        0         99
        0         99
        0         99
        0         99
        0         99
        0         99
        0         99
        0         99
        0         99
        0         99
        0         99
        0         99
        0         99
        0         99
        0         99
        0         99
        0         99
        0         99
        0         99
        0         99
        0         99
        0         99
        0         99
        0         99
        0         99
        0         99
        0         99
        0         99
        0         99
        0         99
        0         99
        0         99
        0         99
        0         99
        0         99
        0         99
        0         99
        0         99
        0         99
        0         99
        0         99
        0         99
        0         99
        0         99
        0         99
        0         99
        0         99
        0         99
        0         99
        0         99
        0         99
        0         99
        0         99
        0         99
        0         99
        0         99
        0         99
        0         99
        0         99
        0         99
        0         99
        0         99
        0         99
        0         99
        0         99
        0         99
        0         99
        0         99
        0         99
        0         99
        0         99
        0         99
        0         99
        0         99
        0         99
        0         99
        0         99
        0         99
        0         99
        0         99
        0         99
        0         99
        0         99
        0         99
        0         99
        0         99
        0         99
        0         99
        0         99
        0         99
        0         99
        0         99
        0         99
        0         99
        0         99
        0         99
        0         99
        0         99
        0         99
        0         99
        0         99
        0         99
        0         99
        0         99
        0         99
        0         99
        0         99
        0         99
        0         99
        0         99
        0         99
        0         99
        0         99
        0         99
        0         99
        0         99
        0         99
        0         99
        0         99
        0         99
        0         99
        0         99
        0         99
        0         99
        0         99
        0         99
        0         99
        0         99
        0         99
        0         99
        0         99
        0         99
        0         99
        0         99
        0         99
        0         99
        0         99
        0         99
        0         99
