        1       2002
        1       1868
        1        593
        1       1206
        1       1850
        1        541
        1       1775
        1       1168
        1       1169
        1        456
        1       1835
        1        271
        1       2069
        1       1019
        1       2067
        1       1825
        1       2052
        1        183
        1        383
        1        508
        1       1032
        1       1866
        1       1715
        1        792
        1       1649
        1       1949
        1       1653
        1        778
        1       1274
        1       1934
        1       1617
        1       1160
        1       2019
        1       1064
        1       2051
        1       1766
        1        381
        1        473
        1        149
        1        945
        1       2022
        1       1425
        1       1859
        1        609
        1       1903
        1       1857
        1       1991
        1       1584
        1        572
        1        438
        1       2008
        1        726
        1       1814
        1        900
        1        532
        1       1751
        1        712
        1        363
        1       1349
        1        454
        1       2040
        1       1380
        1       1590
        1       1823
        1       1953
        1        577
        1        467
        1        444
        1        199
        1       1910
        1       1736
        1        494
        1       1627
        1        535
        1        942
        1       1901
        1       1840
        1        449
        1       1987
        1        463
        1       1225
        1        220
        1        172
        1       1858
        1       1882
        1       1990
        1        667
        1       1947
        1       1054
        1       1684
        1       1900
        1       1902
        1       1999
        1       1752
        1        209
        1        879
        1       1112
        1       1948
        1        116
        1       1891
        1        697
        1        613
        1       1820
        1        805
        1       1309
        1        968
        1       1292
        1        245
        1        179
        1       2088
        1       1853
        1       1854
        1       2006
        1       2059
        1       1944
        1       1675
        1       1916
        1       1936
        1       2063
        1       1847
        1        146
        1        466
        1        768
        1       2045
        1        188
        1       2061
        1       2024
        1       1848
        1       2018
        1       2005
        1        986
        1        638
        1       1757
        1       1003
        1       2023
        1       1020
        0         99
        0         99
        0         99
        0         99
        0         99
        0         99
        0         99
        0         99
        0         99
        0         99
        0         99
        0         99
        0         99
        0         99
        0         99
        0         99
        0         99
        0         99
        0         99
        0         99
        0         99
        0         99
        0         99
        0         99
        0         99
        0         99
        0         99
        0         99
        0         99
        0         99
        0         99
        0         99
        0         99
        0         99
        0         99
        0         99
        0         99
        0         99
        0         99
        0         99
        0         99
        0         99
        0         99
        0         99
        0         99
        0         99
        0         99
        0         99
        0         99
        0         99
        0         99
        0         99
        0         99
        0         99
        0         99
        0         99
        0         99
        0         99
        0         99
        0         99
        0         99
        0         99
        0         99
        0         99
        0         99
        0         99
        0         99
        0         99
        0         99
        0         99
        0         99
        0         99
        0         99
        0         99
        0         99
        0         99
        0         99
        0         99
        0         99
        0         99
        0         99
        0         99
        0         99
        0         99
        0         99
        0         99
        0         99
        0         99
        0         99
        0         99
        0         99
        0         99
        0         99
        0         99
        0         99
        0         99
        0         99
        0         99
        0         99
        0         99
        0         99
        0         99
        0         99
        0         99
        0         99
        0         99
        0         99
        0         99
        0         99
        0         99
        0         99
        0         99
        0         99
        0         99
        0         99
        0         99
        0         99
        0         99
        0         99
        0         99
        0         99
        0         99
        0         99
        0         99
        0         99
        0         99
        0         99
        0         99
        0         99
        0         99
        0         99
        0         99
        0         99
        0         99
        0         99
        0         99
        0         99
        0         99
        0         99
        0         99
        0         99
        0         99
        0         99
        0         99
        0         99
        0         99
        0         99
        0         99
        0         99
        0         99
        0         99
        0         99
        0         99
        0         99
        0         99
        0         99
        0         99
        0         99
        0         99
        0         99
        0         99
        0         99
        0         99
        0         99
        0         99
        0         99
        0         99
        0         99
        0         99
        0         99
        0         99
        0         99
        0         99
        0         99
        0         99
        0         99
        0         99
        0         99
        0         99
        0         99
        0         99
        0         99
        0         99
        0         99
        0         99
        0         99
        0         99
        0         99
        0         99
        0         99
        0         99
        0         99
        0         99
        0         99
        0         99
        0         99
        0         99
        0         99
        0         99
        0         99
        0         99
        0         99
        0         99
        0         99
        0         99
        0         99
        0         99
        0         99
        0         99
        0         99
        0         99
        0         99
        0         99
        0         99
        0         99
        0         99
        0         99
        0         99
        0         99
        0         99
        0         99
        0         99
        0         99
        0         99
        0         99
        0         99
        0         99
        0         99
        0         99
        0         99
        0         99
        0         99
        0         99
        0         99
        0         99
        0         99
        0         99
        0         99
        0         99
        0         99
        0         99
        0         99
        0         99
        0         99
        0         99
        0         99
        0         99
        0         99
        0         99
        0         99
        0         99
        0         99
        0         99
        0         99
        0         99
        0         99
        0         99
        0         99
        0         99
        0         99
        0         99
        0         99
        0         99
        0         99
        0         99
        0         99
        0         99
        0         99
        0         99
        0         99
        0         99
        0         99
        0         99
        0         99
        0         99
        0         99
        0         99
        0         99
        0         99
        0         99
        0         99
        0         99
        0         99
        0         99
        0         99
        0         99
        0         99
        0         99
        0         99
        0         99
        0         99
        0         99
        0         99
        0         99
        0         99
        0         99
        0         99
        0         99
        0         99
        0         99
        0         99
        0         99
        0         99
        0         99
        0         99
        0         99
        0         99
        0         99
        0         99
        0         99
        0         99
        0         99
        0         99
        0         99
        0         99
        0         99
        0         99
        0         99
        0         99
        0         99
        0         99
        0         99
        0         99
        0         99
        0         99
        0         99
        0         99
        0         99
        0         99
        0         99
        0         99
        0         99
        0         99
        0         99
        0         99
        0         99
        0         99
        0         99
        0         99
        0         99
        0         99
        0         99
        0         99
        0         99
        0         99
        0         99
        0         99
        0         99
        0         99
        0         99
        0         99
        0         99
        0         99
        0         99
        0         99
        0         99
        0         99
        0         99
        0         99
        0         99
        0         99
        0         99
        0         99
        0         99
        0         99
        0         99
        0         99
        0         99
        0         99
        0         99
        0         99
        0         99
        0         99
        0         99
        0         99
        0         99
        0         99
        0         99
        0         99
        0         99
        0         99
        0         99
        0         99
        0         99
        0         99
        0         99
        0         99
        0         99
        0         99
        0         99
        0         99
        0         99
        0         99
        0         99
        0         99
        0         99
        0         99
        0         99
        0         99
        0         99
        0         99
        0         99
        0         99
        0         99
        0         99
        0         99
        0         99
        0         99
        0         99
        0         99
        0         99
        0         99
        0         99
        0         99
        0         99
        0         99
        0         99
        0         99
        0         99
        0         99
        0         99
        0         99
        0         99
        0         99
        0         99
        0         99
        0         99
        0         99
        0         99
        0         99
        0         99
        0         99
        0         99
        0         99
        0         99
        0         99
        0         99
        0         99
        0         99
        0         99
        0         99
        0         99
        0         99
        0         99
        0         99
        0         99
        0         99
        0         99
        0         99
        0         99
        0         99
        0         99
        0         99
        0         99
        0         99
        0         99
        0         99
        0         99
        0         99
        0         99
        0         99
        0         99
        0         99
        0         99
        0         99
        0         99
        0         99
        0         99
        0         99
        0         99
        0         99
        0         99
        0         99
        0         99
        0         99
        0         99
        0         99
        0         99
        0         99
        0         99
        0         99
        0         99
        0         99
        0         99
        0         99
        0         99
        0         99
        0         99
        0         99
        0         99
        0         99
        0         99
        0         99
        0         99
        0         99
        0         99
        0         99
        0         99
        0         99
        0         99
        0         99
        0         99
        0         99
        0         99
        0         99
        0         99
        0         99
        0         99
        0         99
        0         99
        0         99
        0         99
        0         99
        0         99
        0         99
        0         99
        0         99
        0         99
        0         99
        0         99
        0         99
        0         99
        0         99
        0         99
        0         99
        0         99
        0         99
        0         99
        0         99
        0         99
        0         99
        0         99
        0         99
        0         99
        0         99
        0         99
        0         99
        0         99
        0         99
        0         99
        0         99
        0         99
        0         99
        0         99
        0         99
        0         99
        0         99
        0         99
        0         99
        0         99
        0         99
        0         99
        0         99
        0         99
        0         99
        0         99
        0         99
        0         99
        0         99
        0         99
        0         99
        0         99
        0         99
        0         99
        0         99
        0         99
        0         99
        0         99
        0         99
        0         99
        0         99
        0         99
        0         99
        0         99
        0         99
        0         99
        0         99
        0         99
        0         99
        0         99
        0         99
        0         99
        0         99
        0         99
        0         99
        0         99
        0         99
        0         99
        0         99
        0         99
        0         99
        0         99
        0         99
        0         99
        0         99
        0         99
        0         99
        0         99
        0         99
        0         99
        0         99
        0         99
        0         99
        0         99
        0         99
        0         99
        0         99
        0         99
        0         99
        0         99
        0         99
        0         99
        0         99
        0         99
        0         99
        0         99
        0         99
        0         99
        0         99
        0         99
        0         99
        0         99
        0         99
        0         99
        0         99
        0         99
        0         99
        0         99
        0         99
        0         99
        0         99
        0         99
        0         99
        0         99
        0         99
        0         99
        0         99
        0         99
        0         99
        0         99
        0         99
        0         99
        0         99
        0         99
        0         99
        0         99
        0         99
        0         99
        0         99
        0         99
        0         99
        0         99
        0         99
        0         99
        0         99
        0         99
        0         99
        0         99
        0         99
        0         99
        0         99
        0         99
        0         99
        0         99
        0         99
        0         99
        0         99
        0         99
        0         99
        0         99
        0         99
        0         99
        0         99
        0         99
        0         99
        0         99
        0         99
        0         99
        0         99
        0         99
        0         99
        0         99
        0         99
        0         99
        0         99
        0         99
        0         99
        0         99
        0         99
        0         99
        0         99
        0         99
        0         99
        0         99
        0         99
        0         99
        0         99
        0         99
        0         99
        0         99
        0         99
        0         99
        0         99
        0         99
        0         99
        0         99
        0         99
        0         99
        0         99
        0         99
        0         99
        0         99
        0         99
        0         99
        0         99
        0         99
        0         99
        0         99
        0         99
        0         99
        0         99
        0         99
        0         99
        0         99
        0         99
        0         99
        0         99
        0         99
        0         99
        0         99
        0         99
        0         99
        0         99
        0         99
        0         99
        0         99
        0         99
        0         99
        0         99
        0         99
        0         99
        0         99
        0         99
        0         99
        0         99
        0         99
        0         99
        0         99
        0         99
        0         99
        0         99
        0         99
        0         99
        0         99
        0         99
        0         99
        0         99
        0         99
        0         99
        0         99
        0         99
        0         99
        0         99
        0         99
        0         99
        0         99
        0         99
        0         99
        0         99
        0         99
        0         99
        0         99
        0         99
        0         99
        0         99
        0         99
        0         99
        0         99
        0         99
        0         99
        0         99
        0         99
        0         99
        0         99
        0         99
        0         99
        0         99
        0         99
        0         99
        0         99
        0         99
        0         99
        0         99
        0         99
        0         99
        0         99
        0         99
        0         99
        0         99
        0         99
        0         99
        0         99
        0         99
        0         99
        0         99
        0         99
        0         99
        0         99
        0         99
        0         99
        0         99
        0         99
        0         99
        0         99
        0         99
        0         99
        0         99
        0         99
        0         99
        0         99
        0         99
        0         99
        0         99
        0         99
        0         99
        0         99
        0         99
        0         99
        0         99
        0         99
        0         99
        0         99
        0         99
        0         99
        0         99
        0         99
        0         99
        0         99
        0         99
        0         99
        0         99
        0         99
        0         99
        0         99
        0         99
        0         99
        0         99
        0         99
        0         99
        0         99
        0         99
        0         99
        0         99
        0         99
        0         99
        0         99
        0         99
        0         99
        0         99
        0         99
        0         99
        0         99
        0         99
        0         99
        0         99
        0         99
        0         99
        0         99
        0         99
        0         99
        0         99
        0         99
        0         99
        0         99
        0         99
        0         99
        0         99
        0         99
        0         99
        0         99
        0         99
        0         99
        0         99
        0         99
        0         99
        0         99
        0         99
        0         99
        0         99
        0         99
        0         99
        0         99
        0         99
        0         99
        0         99
        0         99
        0         99
        0         99
        0         99
        0         99
        0         99
        0         99
        0         99
        0         99
        0         99
        0         99
        0         99
        0         99
        0         99
        0         99
        0         99
        0         99
        0         99
        0         99
        0         99
        0         99
        0         99
        0         99
        0         99
        0         99
        0         99
        0         99
        0         99
        0         99
        0         99
        0         99
        0         99
        0         99
        0         99
        0         99
        0         99
        0         99
        0         99
        0         99
        0         99
        0         99
        0         99
        0         99
        0         99
        0         99
        0         99
        0         99
        0         99
        0         99
        0         99
        0         99
        0         99
        0         99
        0         99
        0         99
        0         99
        0         99
        0         99
        0         99
        0         99
        0         99
        0         99
        0         99
        0         99
        0         99
        0         99
        0         99
        0         99
        0         99
        0         99
        0         99
        0         99
        0         99
        0         99
        0         99
        0         99
        0         99
        0         99
        0         99
        0         99
        0         99
        0         99
        0         99
        0         99
        0         99
        0         99
        0         99
        0         99
        0         99
        0         99
        0         99
        0         99
        0         99
        0         99
        0         99
        0         99
        0         99
        0         99
        0         99
        0         99
        0         99
        0         99
        0         99
        0         99
        0         99
        0         99
        0         99
        0         99
        0         99
        0         99
        0         99
        0         99
        0         99
        0         99
        0         99
        0         99
        0         99
        0         99
        0         99
        0         99
        0         99
        0         99
        0         99
        0         99
        0         99
        0         99
        0         99
        0         99
        0         99
        0         99
        0         99
        0         99
        0         99
        0         99
        0         99
        0         99
        0         99
        0         99
        0         99
        0         99
        0         99
        0         99
        0         99
        0         99
        0         99
        0         99
        0         99
        0         99
        0         99
        0         99
        0         99
        0         99
        0         99
        0         99
        0         99
        0         99
        0         99
        0         99
        0         99
        0         99
        0         99
        0         99
        0         99
        0         99
        0         99
        0         99
        0         99
        0         99
        0         99
        0         99
        0         99
        0         99
        0         99
        0         99
        0         99
        0         99
        0         99
        0         99
        0         99
        0         99
        0         99
        0         99
        0         99
        0         99
        0         99
        0         99
        0         99
        0         99
        0         99
        0         99
        0         99
        0         99
        0         99
        0         99
        0         99
        0         99
        0         99
        0         99
        0         99
        0         99
        0         99
        0         99
        0         99
        0         99
        0         99
        0         99
        0         99
        0         99
        0         99
        0         99
        0         99
        0         99
        0         99
        0         99
        0         99
        0         99
        0         99
        0         99
        0         99
        0         99
        0         99
        0         99
        0         99
        0         99
        0         99
        0         99
        0         99
        0         99
        0         99
        0         99
        0         99
        0         99
        0         99
        0         99
        0         99
        0         99
        0         99
        0         99
        0         99
        0         99
        0         99
        0         99
        0         99
        0         99
        0         99
        0         99
        0         99
        0         99
        0         99
        0         99
        0         99
        0         99
        0         99
        0         99
        0         99
        0         99
        0         99
        0         99
        0         99
        0         99
        0         99
        0         99
        0         99
        0         99
        0         99
        0         99
        0         99
        0         99
        0         99
        0         99
        0         99
        0         99
        0         99
        0         99
        0         99
        0         99
        0         99
        0         99
        0         99
        0         99
        0         99
        0         99
        0         99
        0         99
        0         99
        0         99
        0         99
        0         99
        0         99
        0         99
        0         99
        0         99
        0         99
        0         99
        0         99
        0         99
        0         99
        0         99
        0         99
        0         99
        0         99
        0         99
        0         99
        0         99
        0         99
        0         99
        0         99
        0         99
        0         99
        0         99
        0         99
        0         99
        0         99
        0         99
        0         99
        0         99
        0         99
        0         99
        0         99
        0         99
        0         99
        0         99
        0         99
        0         99
        0         99
        0         99
        0         99
        0         99
        0         99
        0         99
        0         99
        0         99
        0         99
        0         99
        0         99
        0         99
        0         99
        0         99
        0         99
        0         99
        0         99
        0         99
        0         99
        0         99
        0         99
        0         99
        0         99
        0         99
        0         99
        0         99
        0         99
        0         99
        0         99
        0         99
        0         99
        0         99
        0         99
        0         99
        0         99
        0         99
        0         99
        0         99
        0         99
        0         99
        0         99
        0         99
        0         99
        0         99
        0         99
        0         99
        0         99
        0         99
        0         99
        0         99
        0         99
        0         99
        0         99
        0         99
        0         99
        0         99
        0         99
        0         99
        0         99
        0         99
        0         99
        0         99
        0         99
        0         99
        0         99
        0         99
        0         99
        0         99
        0         99
        0         99
        0         99
        0         99
        0         99
        0         99
        0         99
        0         99
        0         99
        0         99
        0         99
        0         99
        0         99
        0         99
        0         99
        0         99
        0         99
        0         99
        0         99
        0         99
        0         99
        0         99
        0         99
        0         99
        0         99
        0         99
        0         99
        0         99
        0         99
        0         99
        0         99
        0         99
        0         99
        0         99
        0         99
        0         99
        0         99
        0         99
        0         99
        0         99
        0         99
        0         99
        0         99
        0         99
        0         99
        0         99
        0         99
        0         99
        0         99
        0         99
        0         99
        0         99
        0         99
        0         99
        0         99
        0         99
        0         99
        0         99
        0         99
        0         99
        0         99
        0         99
        0         99
        0         99
        0         99
        0         99
        0         99
        0         99
        0         99
        0         99
        0         99
        0         99
        0         99
        0         99
        0         99
        0         99
        0         99
        0         99
        0         99
        0         99
        0         99
        0         99
        0         99
        0         99
        0         99
        0         99
        0         99
        0         99
        0         99
        0         99
        0         99
        0         99
        0         99
        0         99
        0         99
        0         99
        0         99
        0         99
        0         99
        0         99
        0         99
        0         99
        0         99
        0         99
        0         99
        0         99
        0         99
        0         99
        0         99
        0         99
        0         99
        0         99
        0         99
        0         99
        0         99
        0         99
        0         99
        0         99
        0         99
        0         99
        0         99
        0         99
        0         99
        0         99
        0         99
        0         99
        0         99
        0         99
        0         99
        0         99
        0         99
        0         99
        0         99
        0         99
        0         99
        0         99
        0         99
        0         99
        0         99
        0         99
        0         99
        0         99
        0         99
        0         99
        0         99
        0         99
        0         99
        0         99
        0         99
        0         99
        0         99
        0         99
        0         99
        0         99
        0         99
        0         99
        0         99
        0         99
        0         99
        0         99
        0         99
        0         99
        0         99
        0         99
        0         99
        0         99
        0         99
        0         99
        0         99
        0         99
        0         99
        0         99
        0         99
        0         99
        0         99
        0         99
        0         99
        0         99
        0         99
        0         99
        0         99
        0         99
        0         99
        0         99
        0         99
        0         99
        0         99
        0         99
        0         99
        0         99
        0         99
        0         99
        0         99
        0         99
        0         99
        0         99
        0         99
        0         99
        0         99
        0         99
        0         99
        0         99
        0         99
        0         99
        0         99
        0         99
        0         99
        0         99
        0         99
        0         99
        0         99
        0         99
        0         99
        0         99
        0         99
        0         99
        0         99
        0         99
        0         99
        0         99
        0         99
        0         99
        0         99
        0         99
        0         99
        0         99
        0         99
        0         99
        0         99
        0         99
        0         99
        0         99
        0         99
        0         99
        0         99
        0         99
        0         99
        0         99
        0         99
        0         99
        0         99
        0         99
        0         99
        0         99
        0         99
        0         99
        0         99
        0         99
        0         99
        0         99
        0         99
        0         99
        0         99
        0         99
        0         99
        0         99
        0         99
        0         99
        0         99
        0         99
        0         99
        0         99
        0         99
        0         99
        0         99
        0         99
        0         99
        0         99
        0         99
        0         99
        0         99
        0         99
        0         99
        0         99
        0         99
        0         99
        0         99
        0         99
        0         99
        0         99
        0         99
        0         99
        0         99
        0         99
        0         99
        0         99
        0         99
        0         99
        0         99
        0         99
        0         99
        0         99
        0         99
        0         99
        0         99
        0         99
        0         99
        0         99
        0         99
        0         99
        0         99
        0         99
        0         99
        0         99
        0         99
        0         99
        0         99
        0         99
        0         99
        0         99
        0         99
        0         99
        0         99
        0         99
        0         99
        0         99
        0         99
        0         99
        0         99
        0         99
        0         99
        0         99
        0         99
        0         99
        0         99
        0         99
        0         99
        0         99
        0         99
        0         99
        0         99
        0         99
        0         99
        0         99
        0         99
        0         99
        0         99
        0         99
        0         99
        0         99
        0         99
        0         99
        0         99
        0         99
        0         99
        0         99
        0         99
        0         99
        0         99
        0         99
        0         99
        0         99
        0         99
        0         99
        0         99
        0         99
        0         99
        0         99
        0         99
        0         99
        0         99
        0         99
        0         99
        0         99
        0         99
        0         99
        0         99
        0         99
        0         99
        0         99
        0         99
        0         99
        0         99
        0         99
        0         99
        0         99
        0         99
        0         99
        0         99
        0         99
        0         99
        0         99
        0         99
        0         99
        0         99
        0         99
        0         99
        0         99
        0         99
        0         99
        0         99
        0         99
        0         99
        0         99
        0         99
        0         99
        0         99
        0         99
        0         99
        0         99
        0         99
        0         99
        0         99
        0         99
        0         99
        0         99
        0         99
        0         99
        0         99
        0         99
        0         99
        0         99
        0         99
        0         99
        0         99
        0         99
        0         99
        0         99
        0         99
        0         99
        0         99
        0         99
        0         99
        0         99
        0         99
        0         99
        0         99
        0         99
        0         99
        0         99
        0         99
        0         99
        0         99
        0         99
        0         99
        0         99
        0         99
        0         99
        0         99
        0         99
        0         99
        0         99
        0         99
        0         99
        0         99
        0         99
        0         99
        0         99
        0         99
        0         99
        0         99
        0         99
        0         99
        0         99
        0         99
        0         99
        0         99
        0         99
        0         99
        0         99
        0         99
        0         99
        0         99
        0         99
        0         99
        0         99
        0         99
        0         99
        0         99
        0         99
        0         99
        0         99
        0         99
        0         99
        0         99
        0         99
        0         99
        0         99
        0         99
        0         99
        0         99
        0         99
        0         99
        0         99
        0         99
        0         99
        0         99
        0         99
        0         99
        0         99
        0         99
        0         99
        0         99
        0         99
        0         99
        0         99
        0         99
        0         99
        0         99
        0         99
        0         99
        0         99
        0         99
        0         99
        0         99
        0         99
        0         99
        0         99
        0         99
        0         99
        0         99
        0         99
        0         99
        0         99
        0         99
        0         99
        0         99
        0         99
        0         99
        0         99
        0         99
        0         99
        0         99
        0         99
        0         99
        0         99
        0         99
        0         99
        0         99
        0         99
        0         99
        0         99
        0         99
        0         99
        0         99
        0         99
        0         99
        0         99
        0         99
        0         99
        0         99
        0         99
        0         99
        0         99
        0         99
        0         99
        0         99
        0         99
        0         99
        0         99
        0         99
        0         99
        0         99
        0         99
        0         99
        0         99
        0         99
        0         99
        0         99
        0         99
        0         99
        0         99
        0         99
        0         99
        0         99
        0         99
        0         99
        0         99
        0         99
        0         99
        0         99
        0         99
        0         99
        0         99
        0         99
        0         99
        0         99
        0         99
        0         99
        0         99
        0         99
        0         99
        0         99
        0         99
        0         99
        0         99
        0         99
        0         99
        0         99
        0         99
        0         99
        0         99
        0         99
        0         99
        0         99
        0         99
        0         99
        0         99
        0         99
        0         99
        0         99
        0         99
        0         99
        0         99
        0         99
        0         99
        0         99
        0         99
        0         99
        0         99
        0         99
        0         99
        0         99
        0         99
        0         99
        0         99
        0         99
        0         99
        0         99
        0         99
        0         99
        0         99
        0         99
        0         99
        0         99
        0         99
        0         99
        0         99
        0         99
        0         99
        0         99
        0         99
        0         99
        0         99
        0         99
        0         99
        0         99
        0         99
        0         99
        0         99
        0         99
        0         99
        0         99
        0         99
        0         99
        0         99
        0         99
        0         99
        0         99
        0         99
        0         99
        0         99
        0         99
        0         99
        0         99
        0         99
        0         99
        0         99
        0         99
        0         99
        0         99
        0         99
        0         99
        0         99
        0         99
        0         99
        0         99
        0         99
        0         99
        0         99
        0         99
        0         99
        0         99
        0         99
