        1       1304
        1        350
        1        850
        1       1615
        1       1804
        1       1603
        1        294
        1       1144
        1       1450
        1       1167
        1        206
        1       1827
        1        539
        1       1938
        1       1127
        1       1195
        1        394
        1        309
        1       1821
        1        336
        1       1558
        1        409
        1       1593
        1       1136
        1        534
        1        450
        1       1871
        1       1913
        1       1462
        1       1173
        1       1927
        1       1496
        1       1691
        1        455
        1       1567
        1        890
        1        373
        1       1039
        1        645
        1       1255
        1        136
        1        317
        1       1507
        1         72
        1       1190
        1        797
        1       1789
        1        316
        0         99
        0         99
        0         99
        0         99
        0         99
        0         99
        0         99
        0         99
        0         99
        0         99
        0         99
        0         99
        0         99
        0         99
        0         99
        0         99
        0         99
        0         99
        0         99
        0         99
        0         99
        0         99
        0         99
        0         99
        0         99
        0         99
        0         99
        0         99
        0         99
        0         99
        0         99
        0         99
        0         99
        0         99
        0         99
        0         99
        0         99
        0         99
        0         99
        0         99
        0         99
        0         99
        0         99
        0         99
        0         99
        0         99
        0         99
        0         99
        0         99
        0         99
        0         99
        0         99
        0         99
        0         99
        0         99
        0         99
        0         99
        0         99
        0         99
        0         99
        0         99
        0         99
        0         99
        0         99
        0         99
        0         99
        0         99
        0         99
        0         99
        0         99
        0         99
        0         99
        0         99
        0         99
        0         99
        0         99
        0         99
        0         99
        0         99
        0         99
        0         99
        0         99
        0         99
        0         99
        0         99
        0         99
        0         99
        0         99
        0         99
        0         99
        0         99
        0         99
        0         99
        0         99
        0         99
        0         99
        0         99
        0         99
        0         99
        0         99
        0         99
        0         99
        0         99
        0         99
        0         99
        0         99
        0         99
        0         99
        0         99
        0         99
        0         99
        0         99
        0         99
        0         99
        0         99
        0         99
        0         99
        0         99
        0         99
        0         99
        0         99
        0         99
        0         99
        0         99
        0         99
        0         99
        0         99
        0         99
        0         99
        0         99
        0         99
        0         99
        0         99
        0         99
        0         99
        0         99
        0         99
        0         99
        0         99
        0         99
        0         99
        0         99
        0         99
        0         99
        0         99
        0         99
        0         99
        0         99
        0         99
        0         99
        0         99
        0         99
        0         99
        0         99
        0         99
        0         99
        0         99
        0         99
        0         99
        0         99
        0         99
        0         99
        0         99
        0         99
        0         99
        0         99
        0         99
        0         99
        0         99
        0         99
        0         99
        0         99
        0         99
        0         99
        0         99
        0         99
        0         99
        0         99
        0         99
        0         99
        0         99
        0         99
        0         99
        0         99
        0         99
        0         99
        0         99
        0         99
        0         99
        0         99
        0         99
        0         99
        0         99
        0         99
        0         99
        0         99
        0         99
        0         99
        0         99
        0         99
        0         99
        0         99
        0         99
        0         99
        0         99
        0         99
        0         99
        0         99
        0         99
        0         99
        0         99
        0         99
        0         99
        0         99
        0         99
        0         99
        0         99
        0         99
        0         99
        0         99
        0         99
        0         99
        0         99
        0         99
        0         99
        0         99
        0         99
        0         99
        0         99
        0         99
        0         99
        0         99
        0         99
        0         99
        0         99
        0         99
        0         99
        0         99
        0         99
        0         99
        0         99
        0         99
        0         99
        0         99
        0         99
        0         99
        0         99
        0         99
        0         99
        0         99
        0         99
        0         99
        0         99
        0         99
        0         99
        0         99
        0         99
        0         99
        0         99
        0         99
        0         99
        0         99
        0         99
        0         99
        0         99
        0         99
        0         99
        0         99
        0         99
        0         99
        0         99
        0         99
        0         99
        0         99
        0         99
        0         99
        0         99
        0         99
        0         99
        0         99
        0         99
        0         99
        0         99
        0         99
        0         99
        0         99
        0         99
        0         99
        0         99
        0         99
        0         99
        0         99
        0         99
        0         99
        0         99
        0         99
        0         99
        0         99
        0         99
        0         99
        0         99
        0         99
        0         99
        0         99
        0         99
        0         99
        0         99
        0         99
        0         99
        0         99
        0         99
        0         99
        0         99
        0         99
        0         99
        0         99
        0         99
        0         99
        0         99
        0         99
        0         99
        0         99
        0         99
        0         99
        0         99
        0         99
        0         99
        0         99
        0         99
        0         99
        0         99
        0         99
        0         99
        0         99
        0         99
        0         99
        0         99
        0         99
        0         99
        0         99
        0         99
        0         99
        0         99
        0         99
        0         99
        0         99
        0         99
        0         99
        0         99
        0         99
        0         99
        0         99
        0         99
        0         99
        0         99
        0         99
        0         99
        0         99
        0         99
        0         99
        0         99
        0         99
        0         99
        0         99
        0         99
        0         99
        0         99
        0         99
        0         99
        0         99
        0         99
        0         99
        0         99
        0         99
        0         99
        0         99
        0         99
        0         99
        0         99
        0         99
        0         99
        0         99
        0         99
        0         99
        0         99
        0         99
        0         99
        0         99
        0         99
        0         99
        0         99
        0         99
        0         99
        0         99
        0         99
        0         99
        0         99
        0         99
        0         99
        0         99
        0         99
        0         99
        0         99
        0         99
        0         99
        0         99
        0         99
        0         99
        0         99
        0         99
        0         99
        0         99
        0         99
        0         99
        0         99
        0         99
        0         99
        0         99
        0         99
        0         99
        0         99
        0         99
        0         99
        0         99
        0         99
        0         99
        0         99
        0         99
        0         99
        0         99
        0         99
        0         99
        0         99
        0         99
        0         99
        0         99
        0         99
        0         99
        0         99
        0         99
        0         99
        0         99
        0         99
        0         99
        0         99
        0         99
        0         99
        0         99
        0         99
        0         99
        0         99
        0         99
        0         99
        0         99
        0         99
        0         99
        0         99
        0         99
        0         99
        0         99
        0         99
        0         99
        0         99
        0         99
        0         99
        0         99
        0         99
        0         99
        0         99
        0         99
        0         99
        0         99
        0         99
        0         99
        0         99
        0         99
        0         99
        0         99
        0         99
        0         99
        0         99
        0         99
        0         99
        0         99
        0         99
        0         99
        0         99
        0         99
        0         99
        0         99
        0         99
        0         99
        0         99
        0         99
        0         99
        0         99
        0         99
        0         99
        0         99
        0         99
        0         99
        0         99
        0         99
        0         99
        0         99
        0         99
        0         99
        0         99
        0         99
        0         99
        0         99
        0         99
        0         99
        0         99
        0         99
        0         99
        0         99
        0         99
        0         99
        0         99
        0         99
        0         99
        0         99
        0         99
        0         99
        0         99
        0         99
        0         99
        0         99
        0         99
        0         99
        0         99
        0         99
        0         99
        0         99
        0         99
        0         99
        0         99
        0         99
        0         99
        0         99
        0         99
        0         99
        0         99
        0         99
        0         99
        0         99
        0         99
        0         99
        0         99
        0         99
        0         99
        0         99
        0         99
        0         99
        0         99
        0         99
        0         99
        0         99
        0         99
        0         99
        0         99
        0         99
        0         99
        0         99
        0         99
        0         99
        0         99
        0         99
        0         99
        0         99
        0         99
        0         99
        0         99
        0         99
        0         99
        0         99
        0         99
        0         99
        0         99
        0         99
        0         99
        0         99
        0         99
        0         99
        0         99
        0         99
        0         99
        0         99
        0         99
        0         99
        0         99
        0         99
        0         99
        0         99
        0         99
        0         99
        0         99
        0         99
        0         99
        0         99
        0         99
        0         99
        0         99
        0         99
        0         99
        0         99
        0         99
        0         99
        0         99
        0         99
        0         99
        0         99
        0         99
        0         99
        0         99
        0         99
        0         99
        0         99
        0         99
        0         99
        0         99
        0         99
        0         99
        0         99
        0         99
        0         99
        0         99
        0         99
        0         99
        0         99
        0         99
        0         99
        0         99
        0         99
        0         99
        0         99
        0         99
        0         99
        0         99
        0         99
        0         99
        0         99
        0         99
        0         99
        0         99
        0         99
        0         99
        0         99
        0         99
        0         99
        0         99
        0         99
        0         99
        0         99
        0         99
        0         99
        0         99
        0         99
        0         99
        0         99
        0         99
        0         99
        0         99
        0         99
        0         99
        0         99
        0         99
        0         99
        0         99
        0         99
        0         99
        0         99
        0         99
        0         99
        0         99
        0         99
        0         99
        0         99
        0         99
        0         99
        0         99
        0         99
        0         99
        0         99
        0         99
        0         99
        0         99
        0         99
        0         99
        0         99
        0         99
        0         99
        0         99
        0         99
        0         99
        0         99
        0         99
        0         99
        0         99
        0         99
        0         99
        0         99
        0         99
        0         99
        0         99
        0         99
        0         99
        0         99
        0         99
        0         99
        0         99
        0         99
        0         99
        0         99
        0         99
        0         99
        0         99
        0         99
        0         99
        0         99
        0         99
        0         99
        0         99
        0         99
        0         99
        0         99
        0         99
        0         99
        0         99
        0         99
        0         99
        0         99
        0         99
        0         99
        0         99
        0         99
        0         99
        0         99
        0         99
        0         99
        0         99
        0         99
        0         99
        0         99
        0         99
        0         99
        0         99
        0         99
        0         99
        0         99
        0         99
        0         99
        0         99
        0         99
        0         99
        0         99
        0         99
        0         99
        0         99
        0         99
        0         99
        0         99
        0         99
        0         99
        0         99
        0         99
        0         99
        0         99
        0         99
        0         99
        0         99
        0         99
        0         99
        0         99
        0         99
        0         99
        0         99
        0         99
        0         99
        0         99
        0         99
        0         99
        0         99
        0         99
        0         99
        0         99
        0         99
        0         99
        0         99
        0         99
        0         99
        0         99
        0         99
        0         99
        0         99
        0         99
        0         99
        0         99
        0         99
        0         99
        0         99
        0         99
        0         99
        0         99
        0         99
        0         99
        0         99
        0         99
        0         99
        0         99
        0         99
        0         99
        0         99
        0         99
        0         99
        0         99
        0         99
        0         99
        0         99
        0         99
        0         99
        0         99
        0         99
        0         99
        0         99
        0         99
        0         99
        0         99
        0         99
        0         99
        0         99
        0         99
        0         99
        0         99
        0         99
        0         99
        0         99
        0         99
        0         99
        0         99
        0         99
        0         99
        0         99
        0         99
        0         99
        0         99
        0         99
        0         99
        0         99
        0         99
        0         99
        0         99
        0         99
        0         99
        0         99
        0         99
        0         99
        0         99
        0         99
        0         99
        0         99
        0         99
        0         99
        0         99
        0         99
        0         99
        0         99
        0         99
        0         99
        0         99
        0         99
        0         99
        0         99
        0         99
        0         99
        0         99
        0         99
        0         99
        0         99
        0         99
        0         99
        0         99
        0         99
        0         99
        0         99
        0         99
        0         99
        0         99
        0         99
        0         99
        0         99
        0         99
        0         99
        0         99
        0         99
        0         99
        0         99
        0         99
        0         99
        0         99
        0         99
        0         99
        0         99
        0         99
        0         99
        0         99
        0         99
        0         99
        0         99
        0         99
        0         99
        0         99
        0         99
        0         99
        0         99
        0         99
        0         99
        0         99
        0         99
        0         99
        0         99
        0         99
        0         99
        0         99
        0         99
        0         99
        0         99
        0         99
        0         99
        0         99
        0         99
        0         99
        0         99
        0         99
        0         99
        0         99
        0         99
        0         99
        0         99
        0         99
        0         99
        0         99
        0         99
        0         99
        0         99
        0         99
        0         99
        0         99
        0         99
        0         99
        0         99
        0         99
        0         99
        0         99
        0         99
        0         99
        0         99
        0         99
        0         99
        0         99
        0         99
        0         99
        0         99
        0         99
        0         99
        0         99
        0         99
        0         99
        0         99
        0         99
        0         99
        0         99
        0         99
        0         99
        0         99
        0         99
        0         99
        0         99
        0         99
        0         99
        0         99
        0         99
        0         99
        0         99
        0         99
        0         99
        0         99
        0         99
        0         99
        0         99
        0         99
        0         99
        0         99
        0         99
        0         99
        0         99
        0         99
        0         99
        0         99
        0         99
        0         99
        0         99
        0         99
        0         99
        0         99
        0         99
        0         99
        0         99
        0         99
        0         99
        0         99
        0         99
        0         99
        0         99
        0         99
        0         99
        0         99
        0         99
        0         99
        0         99
        0         99
        0         99
        0         99
        0         99
        0         99
        0         99
        0         99
        0         99
        0         99
        0         99
        0         99
        0         99
        0         99
        0         99
        0         99
        0         99
        0         99
        0         99
        0         99
        0         99
        0         99
        0         99
        0         99
        0         99
        0         99
        0         99
        0         99
        0         99
        0         99
        0         99
        0         99
        0         99
        0         99
        0         99
        0         99
        0         99
        0         99
        0         99
        0         99
        0         99
        0         99
        0         99
        0         99
        0         99
        0         99
        0         99
        0         99
        0         99
        0         99
        0         99
        0         99
        0         99
        0         99
        0         99
        0         99
        0         99
        0         99
        0         99
        0         99
        0         99
        0         99
        0         99
        0         99
        0         99
        0         99
        0         99
        0         99
        0         99
        0         99
        0         99
        0         99
        0         99
        0         99
        0         99
        0         99
        0         99
        0         99
        0         99
        0         99
        0         99
        0         99
        0         99
        0         99
        0         99
        0         99
        0         99
        0         99
        0         99
        0         99
        0         99
        0         99
        0         99
        0         99
        0         99
        0         99
        0         99
        0         99
        0         99
        0         99
        0         99
        0         99
        0         99
        0         99
        0         99
        0         99
        0         99
        0         99
        0         99
        0         99
        0         99
        0         99
        0         99
        0         99
        0         99
        0         99
        0         99
        0         99
        0         99
        0         99
        0         99
        0         99
        0         99
        0         99
        0         99
        0         99
        0         99
        0         99
        0         99
        0         99
        0         99
        0         99
        0         99
        0         99
        0         99
        0         99
        0         99
        0         99
        0         99
        0         99
        0         99
        0         99
        0         99
        0         99
        0         99
        0         99
        0         99
        0         99
        0         99
        0         99
        0         99
        0         99
        0         99
        0         99
        0         99
        0         99
        0         99
        0         99
        0         99
        0         99
        0         99
        0         99
        0         99
        0         99
        0         99
        0         99
        0         99
        0         99
        0         99
        0         99
        0         99
        0         99
        0         99
        0         99
        0         99
        0         99
        0         99
        0         99
        0         99
        0         99
        0         99
        0         99
        0         99
        0         99
        0         99
        0         99
        0         99
        0         99
        0         99
        0         99
        0         99
        0         99
        0         99
        0         99
        0         99
        0         99
        0         99
        0         99
        0         99
        0         99
        0         99
        0         99
        0         99
        0         99
        0         99
        0         99
        0         99
        0         99
        0         99
        0         99
        0         99
        0         99
        0         99
        0         99
        0         99
        0         99
        0         99
        0         99
        0         99
        0         99
        0         99
        0         99
        0         99
        0         99
        0         99
        0         99
        0         99
        0         99
        0         99
        0         99
        0         99
        0         99
        0         99
        0         99
        0         99
        0         99
        0         99
        0         99
        0         99
        0         99
        0         99
        0         99
        0         99
        0         99
        0         99
        0         99
        0         99
        0         99
        0         99
        0         99
        0         99
        0         99
        0         99
        0         99
        0         99
        0         99
        0         99
        0         99
        0         99
        0         99
        0         99
        0         99
        0         99
        0         99
        0         99
        0         99
        0         99
        0         99
        0         99
        0         99
        0         99
        0         99
        0         99
        0         99
        0         99
        0         99
        0         99
        0         99
        0         99
        0         99
        0         99
        0         99
        0         99
        0         99
        0         99
        0         99
        0         99
        0         99
        0         99
        0         99
        0         99
        0         99
        0         99
        0         99
        0         99
        0         99
        0         99
        0         99
        0         99
        0         99
        0         99
        0         99
        0         99
        0         99
        0         99
        0         99
        0         99
        0         99
        0         99
        0         99
        0         99
        0         99
        0         99
        0         99
        0         99
        0         99
        0         99
        0         99
        0         99
        0         99
        0         99
        0         99
        0         99
        0         99
        0         99
        0         99
        0         99
        0         99
        0         99
        0         99
        0         99
        0         99
        0         99
        0         99
        0         99
        0         99
        0         99
        0         99
        0         99
        0         99
        0         99
        0         99
        0         99
        0         99
        0         99
        0         99
        0         99
        0         99
        0         99
        0         99
        0         99
        0         99
        0         99
        0         99
        0         99
        0         99
        0         99
        0         99
        0         99
        0         99
        0         99
        0         99
        0         99
        0         99
        0         99
        0         99
        0         99
        0         99
        0         99
        0         99
        0         99
        0         99
        0         99
        0         99
        0         99
        0         99
        0         99
        0         99
        0         99
        0         99
        0         99
        0         99
        0         99
        0         99
        0         99
        0         99
        0         99
        0         99
        0         99
        0         99
        0         99
        0         99
        0         99
        0         99
        0         99
        0         99
        0         99
        0         99
        0         99
        0         99
        0         99
        0         99
        0         99
        0         99
        0         99
        0         99
        0         99
        0         99
        0         99
        0         99
        0         99
        0         99
        0         99
        0         99
        0         99
        0         99
        0         99
        0         99
        0         99
        0         99
        0         99
        0         99
        0         99
        0         99
        0         99
        0         99
        0         99
        0         99
        0         99
        0         99
        0         99
        0         99
        0         99
        0         99
        0         99
        0         99
        0         99
        0         99
        0         99
        0         99
        0         99
        0         99
        0         99
        0         99
        0         99
        0         99
        0         99
        0         99
        0         99
        0         99
        0         99
        0         99
        0         99
        0         99
        0         99
        0         99
        0         99
        0         99
        0         99
        0         99
        0         99
        0         99
        0         99
        0         99
        0         99
        0         99
        0         99
        0         99
        0         99
        0         99
        0         99
        0         99
        0         99
        0         99
        0         99
        0         99
        0         99
        0         99
        0         99
        0         99
        0         99
        0         99
        0         99
        0         99
        0         99
        0         99
        0         99
        0         99
        0         99
        0         99
        0         99
        0         99
        0         99
        0         99
        0         99
        0         99
        0         99
        0         99
        0         99
        0         99
        0         99
        0         99
        0         99
        0         99
        0         99
        0         99
        0         99
        0         99
        0         99
        0         99
        0         99
        0         99
        0         99
        0         99
        0         99
        0         99
        0         99
        0         99
        0         99
        0         99
        0         99
        0         99
        0         99
        0         99
        0         99
        0         99
        0         99
        0         99
        0         99
        0         99
        0         99
        0         99
        0         99
        0         99
        0         99
        0         99
        0         99
        0         99
        0         99
        0         99
        0         99
        0         99
        0         99
        0         99
        0         99
        0         99
        0         99
        0         99
        0         99
        0         99
        0         99
        0         99
        0         99
        0         99
        0         99
        0         99
        0         99
        0         99
        0         99
        0         99
        0         99
        0         99
        0         99
        0         99
        0         99
        0         99
        0         99
        0         99
        0         99
        0         99
        0         99
        0         99
        0         99
        0         99
        0         99
        0         99
        0         99
        0         99
        0         99
        0         99
        0         99
        0         99
        0         99
        0         99
        0         99
        0         99
        0         99
        0         99
        0         99
        0         99
        0         99
        0         99
        0         99
        0         99
        0         99
        0         99
        0         99
        0         99
        0         99
        0         99
        0         99
        0         99
        0         99
        0         99
        0         99
        0         99
        0         99
        0         99
        0         99
        0         99
        0         99
        0         99
        0         99
        0         99
        0         99
        0         99
        0         99
        0         99
        0         99
        0         99
        0         99
        0         99
        0         99
        0         99
        0         99
        0         99
        0         99
        0         99
        0         99
        0         99
        0         99
        0         99
        0         99
        0         99
        0         99
        0         99
        0         99
        0         99
        0         99
        0         99
        0         99
        0         99
        0         99
        0         99
        0         99
        0         99
        0         99
        0         99
        0         99
        0         99
        0         99
        0         99
        0         99
        0         99
        0         99
        0         99
        0         99
        0         99
        0         99
        0         99
        0         99
        0         99
        0         99
        0         99
        0         99
        0         99
        0         99
        0         99
        0         99
        0         99
        0         99
        0         99
        0         99
        0         99
        0         99
        0         99
        0         99
        0         99
        0         99
        0         99
        0         99
        0         99
        0         99
        0         99
        0         99
        0         99
        0         99
        0         99
        0         99
        0         99
        0         99
        0         99
        0         99
        0         99
        0         99
        0         99
        0         99
        0         99
        0         99
        0         99
        0         99
        0         99
        0         99
        0         99
        0         99
        0         99
        0         99
        0         99
        0         99
        0         99
        0         99
        0         99
        0         99
        0         99
        0         99
        0         99
        0         99
        0         99
        0         99
        0         99
        0         99
        0         99
        0         99
        0         99
        0         99
        0         99
        0         99
        0         99
        0         99
        0         99
        0         99
        0         99
        0         99
        0         99
        0         99
        0         99
        0         99
        0         99
        0         99
        0         99
        0         99
        0         99
        0         99
        0         99
        0         99
        0         99
        0         99
        0         99
        0         99
        0         99
        0         99
        0         99
        0         99
        0         99
        0         99
        0         99
        0         99
        0         99
        0         99
        0         99
        0         99
        0         99
        0         99
        0         99
        0         99
        0         99
        0         99
        0         99
        0         99
        0         99
        0         99
        0         99
        0         99
        0         99
        0         99
        0         99
        0         99
        0         99
        0         99
        0         99
        0         99
        0         99
        0         99
        0         99
        0         99
        0         99
        0         99
        0         99
        0         99
        0         99
        0         99
        0         99
        0         99
        0         99
        0         99
        0         99
        0         99
        0         99
        0         99
        0         99
        0         99
        0         99
        0         99
        0         99
        0         99
        0         99
        0         99
        0         99
        0         99
        0         99
        0         99
        0         99
        0         99
        0         99
        0         99
        0         99
        0         99
        0         99
        0         99
        0         99
        0         99
        0         99
        0         99
        0         99
        0         99
        0         99
        0         99
        0         99
        0         99
        0         99
        0         99
        0         99
        0         99
        0         99
        0         99
        0         99
        0         99
        0         99
        0         99
        0         99
        0         99
        0         99
        0         99
        0         99
        0         99
        0         99
        0         99
        0         99
        0         99
        0         99
        0         99
        0         99
        0         99
        0         99
        0         99
        0         99
        0         99
        0         99
        0         99
        0         99
        0         99
        0         99
        0         99
        0         99
        0         99
        0         99
        0         99
        0         99
        0         99
        0         99
        0         99
        0         99
        0         99
        0         99
        0         99
        0         99
        0         99
        0         99
        0         99
        0         99
        0         99
        0         99
        0         99
        0         99
        0         99
        0         99
        0         99
        0         99
        0         99
        0         99
        0         99
        0         99
        0         99
        0         99
        0         99
        0         99
        0         99
        0         99
        0         99
        0         99
        0         99
        0         99
        0         99
        0         99
        0         99
        0         99
        0         99
        0         99
        0         99
        0         99
        0         99
        0         99
        0         99
        0         99
        0         99
        0         99
        0         99
        0         99
        0         99
        0         99
        0         99
        0         99
        0         99
        0         99
        0         99
        0         99
        0         99
        0         99
        0         99
        0         99
        0         99
        0         99
        0         99
        0         99
        0         99
        0         99
        0         99
        0         99
        0         99
        0         99
        0         99
        0         99
        0         99
        0         99
        0         99
        0         99
        0         99
        0         99
        0         99
        0         99
        0         99
        0         99
        0         99
        0         99
        0         99
        0         99
        0         99
        0         99
        0         99
        0         99
        0         99
        0         99
        0         99
        0         99
        0         99
        0         99
        0         99
        0         99
        0         99
        0         99
        0         99
        0         99
        0         99
        0         99
        0         99
        0         99
        0         99
        0         99
        0         99
        0         99
        0         99
        0         99
        0         99
        0         99
        0         99
        0         99
        0         99
        0         99
        0         99
        0         99
        0         99
        0         99
        0         99
        0         99
        0         99
        0         99
        0         99
        0         99
        0         99
        0         99
        0         99
        0         99
        0         99
        0         99
        0         99
        0         99
        0         99
        0         99
        0         99
        0         99
        0         99
        0         99
        0         99
        0         99
        0         99
        0         99
        0         99
        0         99
        0         99
        0         99
        0         99
        0         99
        0         99
        0         99
        0         99
        0         99
        0         99
        0         99
        0         99
